0 0.275922256097561 0.4858161350844277 0.08077743902439022 0.07151969981238275
0 0.22089176829268298 0.7350750469043152 0.08413109756097559 0.11146341463414623
0 0.735891768292683 0.8506191369606003 0.12196646341463406 0.13834896810506578
0 0.6399695121951219 0.8017166979362099 0.05618902439024389 0.07574108818011234
0 0.2956783536585366 0.5738555347091933 0.08394817073170739 0.08681050656660405
0 0.18270579268292683 0.45143527204502804 0.06599085365853652 0.08118198874296441
0 0.7416463414634146 0.6071294559099437 0.07768292682926826 0.09155722326454033
0 0.37455030487804875 0.3413883677298311 0.060350609756097524 0.08457786116322696
0 0.31584603658536586 0.21733583489681052 0.07867378048780481 0.11223264540337712
0 0.0934375 0.6934615384615385 0.06187500000000002 0.0623076923076924
0 0.48668210600375233 0.12710708615961885 0.11741909005628515 0.15196276518978183
0 0.42408829737335835 0.23308197431086736 0.0977075515947466 0.0957497474383028
0 0.44615970919324566 0.3381440323278972 0.06575984990619141 0.10419974022225421
0 0.5294471153846154 0.347658392264396 0.10040454971857407 0.14989897532111418
0 0.591108700750469 0.23537306970702843 0.0632094277673545 0.10430076490114017
0 0.563039818413294 0.4713187844050883 0.08504841195389964 0.11364760942622104
0 0.21730769230769234 0.5420118343195266 0.05769230769230767 0.06508875739644981
0 0.16009615384615383 0.5313609467455621 0.05673076923076927 0.05798816568047326
0 0.08541275797373356 0.5346442488093519 0.08298545966228894 0.11457641795352864
0 0.03236866791744839 0.592654062635301 0.0653846153846154 0.08402366863905321
0 0.18032070825515947 0.6869136960600375 0.06542565666041272 0.08864915572232637
0 0.13269230769230766 0.619526627218935 0.0442307692307692 0.04733727810650888
0 0.5466099068614312 0.7542177803434839 0.06760335700884475 0.09944436426612775
0 0.500891181988743 0.64869028719873 0.03022983114446525 0.04595901284456615
0 0.5008999765478425 0.5829773416077355 0.030212242026266337 0.03761004473950047
0 0.660342401500938 0.6790662433251551 0.07946763602251401 0.10152980228027131
0 0.7232410881801126 0.7285755520277096 0.07562148217636007 0.10101024678885831
0 0.7983964587242026 0.5424808774714964 0.07393878986866781 0.07451291672680038
0 0.7471798780487805 0.5014287776013855 0.04711538461538453 0.044970414201183424
0 0.8271282833020638 0.47683648434117476 0.0744019699812381 0.11762159041708768
0 0.8628371247654784 0.8848535142156155 0.044142823639774634 0.05018040121229625
0 0.9511784709193245 0.9361956992350988 0.0869723264540336 0.058190215038244925
0 0.48510494840525326 0.9136635878193101 0.03741205440900558 0.07980228027132329
0 0.5389423076923077 0.5692307692307692 0.03942307692307679 0.05325443786982253
0 0.11149448874296436 0.2252525616972146 0.053687851782363974 0.08138981093952953
0 0.48820942776735465 0.9807143888006927 0.031203095684802805 0.034818877182854945
0 0.6110576923076922 0.8532544378698227 0.05096153846153847 0.05088757396449707
0 0.8145960365853656 0.6777673545966229 0.06516768292682926 0.08442776735459653
0 0.5227678571428571 0.8412087912087913 0.029464285714285766 0.037362637362637265
0 0.6040178571428572 0.35274725274725277 0.0419642857142857 0.060439560439560426
0 0.1550141550522648 0.34483382471187346 0.032959494773519234 0.041101581345483675
0 0.10506859756097559 0.4420463682658805 0.05053353658536588 0.04461270436880183
0 0.4883928571428571 0.495054945054945 0.021428571428571387 0.03076923076923077
0 0.5794642857142857 0.6318681318681318 0.026785714285714378 0.034065934065934105
0 0.020876524390243897 0.5043688019297775 0.042088414634146344 0.06349504154382203
0 0.02934451219512195 0.6721388367729831 0.05792682926829268 0.05440900562851775
0 0.7535213414634145 0.9731144465290806 0.06420731707317075 0.05223264540337718
0 0.6735899390243901 0.9720919324577859 0.05525914634146332 0.053939962476547934
0 0.880149 0.9391329999999999 0.042323700000000034 0.049106699999999996
0 0.382012 0.430664 0.04607000000000006 0.04274669999999997
0 0.341325 0.40146199999999993 0.03330389999999994 0.05564080000000003
0 0.9773889833333333 0.49092982692307713 0.0460553666666668 0.12583265384615383
0 0.44601100000000005 0.521335 0.02102959999999996 0.030664299999999946
0 0.7607630000000001 0.3967800000000001 0.030808299999999633 0.03390930000000004
0 0.9112593333333333 0.5009395641025641 0.0791713 0.11232700000000014
0 0.8515719999999999 0.981745 0.0381556999999998 0.036509399999999914
