0 0.2357291666666667 0.41794871794871796 0.1102083333333334 0.10666666666666673
0 0.2544791666666667 0.5320512820512822 0.10270833333333336 0.09794871794871798
0 0.3620535714285713 0.47857142857142854 0.0419642857142857 0.05054945054945051
0 0.8633333333333332 0.21428571428571433 0.04642857142857153 0.06263736263736262
0 0.9258928571428571 0.21923076923076928 0.05 0.05494505494505496
0 0.9737946428571428 0.25016483516483523 0.051160714285714164 0.07505494505494505
0 0.9828068693693693 0.5527234927234927 0.03269707207207204 0.05775467775467781
0 0.9344345238095237 0.6627289377289377 0.07779761904761912 0.08684981684981687
0 0.9585565476190476 0.7308974358974359 0.08163690476190481 0.05820512820512809
0 0.9614732142857142 0.8265750915750913 0.07705357142857167 0.09043956043956043
0 0.946875 0.9291208791208792 0.04375 0.046153846153846156
0 0.6026785714285714 0.8428571428571429 0.06071428571428598 0.12197802197802196
0 0.6908035714285714 0.9691941391941393 0.058392857142857225 0.06007326007325988
0 0.46922619047619035 0.8459890109890109 0.10154761904761919 0.10802197802197795
0 0.4880208333333333 0.9559340659340659 0.06520833333333342 0.08659340659340649
0 0.37735119047619053 0.8222527472527472 0.04529761904761898 0.08575091575091567
0 0.14955357142857142 0.6087912087912087 0.041964285714285676 0.04505494505494513
0 0.20985119047619044 0.6671245421245422 0.07863095238095234 0.07600732600732613
0 0.3008928571428571 0.6747252747252747 0.0839285714285714 0.10439560439560454
0 0.2538392857142857 0.7867216117216116 0.08565476190476193 0.0952747252747253
0 0.12419642857142853 0.9705311355311355 0.07660714285714289 0.05380952380952347
0 0.590748 0.9679339999999999 0.046933700000000085 0.05970889999999984
0 0.5535426666666665 0.11258964102564102 0.10166399999999996 0.12847
0 0.14410333333333333 0.7417395641025643 0.08224649999999999 0.0943084999999999
