0 0.7967889492753625 0.18328874024526198 0.10116847826086939 0.12060200668896318
0 0.5934608416945373 0.8493868450390188 0.05764353400222966 0.07157190635451482
0 0.6548440237298933 0.928371739742977 0.057159778627169755 0.08417067881950831
0 0.8141115225354355 0.8697306038443163 0.056559563624781074 0.08216644002597168
0 0.8789651019270585 0.6404290247099612 0.07902631788501338 0.09818319918654354
0 0.9602041527313264 0.5517579967412743 0.05694676700111472 0.05144498756538881
0 0.7208681716833891 0.4876511448417803 0.04558249721293208 0.058142526369951104
0 0.6764423076923076 0.4 0.03557692307692292 0.03668639053254441
0 0.4281730769230769 0.31909270216962526 0.04698717948717956 0.05822485207100582
0 0.850310061315496 0.2634293799845639 0.04937987736900766 0.061770002572678166
0 0.8321139910813824 0.3669925392333419 0.04229375696766993 0.060886716405111
0 0.7673773690078036 0.04831403824714861 0.07937569676700122 0.09735185661607067
0 0.5629041248606466 0.037294400137209506 0.054445373467112645 0.07591287196638367
0 0.8879464285714285 0.745054945054945 0.05982142857142861 0.047252747252747355
0 0.965610119047619 0.9121245421245422 0.0675297619047619 0.09421245421245412
0 0.9761904761904762 0.615018315018315 0.048214285714285834 0.04065934065934051
0 0.7964221014492753 0.9149944258639912 0.04755434782608688 0.04738015607580827
0 0.9229123416666667 0.4560364564102564 0.11917531666666661 0.12485016410256408
0 0.7047693083333334 0.1736418282051282 0.02879471666666646 0.04963942051282048
