0 0.9248363095238094 0.33681318681318684 0.08199404761904759 0.11098901098901102
0 0.39935897435897433 0.2904930966469428 0.036282051282051316 0.06619329388560158
0 0.4668269230769231 0.23285996055226826 0.04634615384615394 0.05428007889546349
0 0.4355769230769231 0.19609467455621302 0.03653846153846139 0.044970414201183494
0 0.39628205128205124 0.08579881656804732 0.05576923076923066 0.08994082840236685
0 0.28076923076923077 0.09388560157790926 0.11012820512820518 0.09838264299802763
0 0.17112179487179485 0.07207100591715977 0.0927564102564103 0.0968836291913215
0 0.2596153846153846 0.017751479289940832 0.040384615384615366 0.034319526627218946
0 0.554102564102564 0.07497041420118342 0.125 0.15029585798816564
0 0.6191666666666668 0.20552268244575936 0.0616666666666665 0.10280078895463513
0 0.5557692307692308 0.25372781065088756 0.053461538461538394 0.07613412228796843
0 0.9402564102564103 0.4749112426035504 0.04948717948717942 0.06658777120315588
0 0.9549313186813185 0.5613524936601859 0.06513736263736292 0.06396167934629471
0 0.9471062271062272 0.6530402930402931 0.04745421245421227 0.05084249084249074
0 0.8970558608058607 0.7029698506621583 0.05961538461538453 0.07573964497041419
0 0.7844230769230768 0.6020512820512821 0.036153846153846134 0.0502564102564102
0 0.9739457417582414 0.8092814877430262 0.05085851648351678 0.0983601014370245
0 0.9671153846153845 0.9087080867850098 0.06451923076923109 0.08873767258382644
0 0.8214239926739927 0.829374471682164 0.1321520146520146 0.15150746689208194
0 0.7974610805860806 0.9291758241758242 0.1534111721611724 0.12831501831501818
0 0.6224679487179487 0.6679289940828403 0.058397435897435915 0.08465483234714008
0 0.5264423076923077 0.5846153846153846 0.04903846153846161 0.06745562130177518
0 0.4217399267399267 0.45754296985066223 0.07152014652014657 0.08081149619611167
0 0.3443269230769231 0.5233136094674556 0.05634615384615383 0.06824457593688364
0 0.28971153846153846 0.5554240631163707 0.05057692307692307 0.045049309664694524
0 0.2909615384615385 0.6127810650887573 0.06474358974358975 0.05751479289940842
0 0.2739423076923077 0.6684418145956607 0.043782051282051385 0.052859960552268166
0 0.36599358974358964 0.6586587771203155 0.09134615384615373 0.1088757396449705
0 0.43445512820512816 0.7480078895463512 0.07275641025641036 0.09680473372781062
0 0.5677884615384614 0.7266272189349112 0.08942307692307687 0.09112426035502957
0 0.5927564102564102 0.8351479289940827 0.04115384615384613 0.070216962524655
0 0.6577884615384615 0.8996055226824458 0.069423076923077 0.10335305719921087
0 0.5850961538461539 0.9480473372781066 0.07980769230769226 0.10082840236686393
0 0.5086538461538462 0.8417751479289941 0.07602564102564095 0.07952662721893498
0 0.41871794871794876 0.8937672583826429 0.08423076923076935 0.15810650887573957
0 0.45775641025641023 0.5400788954635108 0.04615384615384613 0.04907297830374756
0 0.5032692307692308 0.9366074950690336 0.053461538461538394 0.07857988165680459
0 0.182724358974359 0.7166074950690335 0.07621794871794868 0.10216962524654849
0 0.25573717948717944 0.7600394477317554 0.051858974358974345 0.07274161735700195
0 0.20737179487179486 0.8155818540433925 0.04858974358974358 0.06422090729783052
0 0.11166666666666668 0.7930571992110453 0.05333333333333334 0.05593688362919116
0 0.028173076923076915 0.7502958579881658 0.056987179487179525 0.09222879684418121
0 0.13044871794871796 0.8929783037475345 0.0707692307692308 0.10224852071005898
0 0.1725 0.4085207100591716 0.03666666666666673 0.04757396449704139
0 0.019967948717948724 0.2069428007889546 0.040064102564102554 0.05893491124260357
0 0.2292261904761905 0.5006776556776557 0.038214285714285694 0.04172161172161177
0 0.21839285714285708 0.6247985347985348 0.0375 0.03956043956043966
0 0.12755952380952384 0.6770879120879122 0.041547619047619104 0.043772893772893874
0 0.3098214285714285 0.9587912087912089 0.03214285714285712 0.048351648351648374
0 0.2497916666666666 0.927051282051282 0.06375 0.08538461538461538
0 0.7169642857142855 0.8215018315018316 0.048214285714285696 0.05494505494505505
0 0.4946428571428572 0.6857142857142856 0.03928571428571445 0.05164835164835171
0 0.01339285714285712 0.28956043956043964 0.025000000000000005 0.05054945054945047
0 0.8085119047619048 0.5616666666666668 0.03130952380952408 0.038717948717948744
0 0.3499999999999999 0.9714285714285714 0.039285714285714306 0.0494505494505494
0 0.45272199999999996 0.14166199999999998 0.03255509999999994 0.044699199999999994
0 0.490429 0.196681 0.026726600000000003 0.04758099999999996
0 0.3491099 0.7867401794871794 0.04178019999999989 0.07062220512820501
0 0.6842453333333336 0.16837128205128202 0.03507770000000008 0.05692789999999991
0 0.32238500000000003 0.75391 0.0381268 0.05155780000000015
