0 0.5271794871794871 0.17435897435897432 0.052307692307692125 0.0933333333333333
0 0.5868910256410257 0.12090729783037475 0.09955128205128204 0.13049309664694284
0 0.6614743589743588 0.0541617357001972 0.0596153846153846 0.09940828402366857
0 0.7532371794871794 0.13601577909270215 0.10852564102564116 0.19258382642998031
0 0.5943589743589744 0.26654832347140045 0.07294871794871781 0.08331360946745563
0 0.1897435897435897 0.11984220907297832 0.07884615384615384 0.08544378698224854
0 0.18064102564102563 0.029033530571992105 0.04705128205128208 0.03731755424063117
0 0.08868589743589743 0.15112426035502957 0.060961538461538504 0.057751479289940844
0 0.3245192307692308 0.23136094674556212 0.024038461538461533 0.03313609467455623
0 0.9286939102564103 0.058461538461538474 0.14302884615384615 0.11589743589743584
0 0.9049885531135531 0.6882586644125105 0.03164377289377285 0.050363482671175026
0 0.9487878675378676 0.8600414658106963 0.06695129195129197 0.0855303739919126
0 0.65375 0.2490659340659341 0.05249999999999993 0.05673992673992665
0 0.3867559523809524 0.07272893772893776 0.02815476190476197 0.0627472527472527
0 0.4196428571428571 0.033178360101437016 0.039148351648351606 0.06466610312764158
