0 0.5109077380952382 0.5596703296703297 0.07318452380952366 0.09194139194139177
0 0.6134970238095238 0.6175457875457876 0.08300595238095256 0.09721611721611724
0 0.4353319597069596 0.48713440405748104 0.10600274725274737 0.1323978585517048
0 0.3708333333333333 0.40812623274161736 0.06166666666666664 0.07502958579881662
0 0.460576923076923 0.2644970414201183 0.075 0.10177514792899414
0 0.5608974358974359 0.2093491124260355 0.059871794871794816 0.07258382642998028
0 0.6307731394621637 0.37772405830567185 0.04231550969355858 0.05130610477702401
0 0.7049358974358975 0.4178303747534517 0.061794871794871684 0.0699802761341224
0 0.6201988710947756 0.5201183431952663 0.046153846153846274 0.035502958579881595
0 0.5636675824175824 0.7269653423499578 0.04903846153846161 0.06745562130177518
0 0.4442834249084248 0.6540264863341786 0.08809981684981678 0.11451112989574531
0 0.3778846153846153 0.6530008453085376 0.046153846153846205 0.06035502958579881
0 0.3177596896346896 0.640924927463389 0.053090659340659346 0.050760777683854556
0 0.2481135531135531 0.52301775147929 0.1187728937728938 0.18370808678500994
0 0.1730448717948718 0.2061143984220907 0.1322435897435897 0.1303353057199211
0 0.2925 0.17692307692307693 0.07666666666666665 0.1128205128205128
0 0.3853846153846153 0.0868639053254438 0.07500000000000007 0.11715976331360947
0 0.2923397435897435 0.02414201183431952 0.054807692307692335 0.04970414201183432
0 0.06618589743589745 0.03175542406311637 0.08096153846153847 0.06469428007889547
0 0.05599358974358973 0.1344378698224852 0.053012820512820545 0.07061143984220908
0 0.5319230769230768 0.04867850098619329 0.05769230769230767 0.07455621301775148
0 0.49586538461538465 0.12339250493096647 0.05326923076923073 0.06808678500986196
0 0.6235897435897435 0.04564102564102563 0.07448717948717956 0.08820512820512819
0 0.6810576923076923 0.15802761341222876 0.06788461538461533 0.1157396449704142
0 0.8203846153846155 0.16295857988165677 0.10256410256410277 0.11613412228796842
0 0.8085256410256412 0.054783037475345166 0.08128205128205139 0.09658777120315583
0 0.9129807692307692 0.16153846153846152 0.039423076923077074 0.06153846153846154
0 0.9775721153846153 0.295680473372781 0.04360576923076934 0.06710059171597638
0 0.7331730769230771 0.27455621301775146 0.06442307692307708 0.08165680473372784
0 0.6937499999999999 0.3248520710059172 0.03365384615384613 0.04260355029585797
0 0.5109890109890111 0.8119188503803887 0.032692307692307736 0.06272189349112427
0 0.3285760073260073 0.8207861369399831 0.07118131868131872 0.13791490560721295
0 0.18628205128205128 0.9218540433925049 0.10243589743589744 0.1203944773175541
0 0.047440476190476207 0.8303296703296704 0.09511904761904759 0.15369963369963346
0 0.0511687271062271 0.5944463229078614 0.1026625457875458 0.14956889264581588
0 0.8285416666666666 0.405952380952381 0.04125000000000014 0.054761904761904685
0 0.88625 0.3718864468864469 0.0475 0.04531135531135533
0 0.9776190476190476 0.15168498168498173 0.04107142857142833 0.04175824175824171
0 0.4983630952380952 0.9658608058608059 0.048273809523809635 0.06673992673992661
0 0.9880803571428572 0.7834615384615384 0.022589285714285836 0.036153846153846245
0 0.5271428571428571 0.4139560439560439 0.04642857142857146 0.03296703296703299
0 0.7693154761904762 0.6518864468864469 0.10303571428571416 0.10853479853479843
0 0.7188095238095238 0.4923992673992675 0.05904761904761898 0.0562271062271063
0 0.7323214285714286 0.031446886446886486 0.07202380952380949 0.06326007326007321
0 0.4591666666666667 0.028663003663003693 0.06166666666666664 0.058571428571428504
0 0.8820833333333334 0.028717948717948725 0.030833333333333286 0.03589743589743591
0 0.6231036666666665 0.2768608461538461 0.04922500000000014 0.06810899999999995
0 0.279755 0.974935 0.04120140000000006 0.04659780000000008
0 0.340221 0.907081 0.03719859999999997 0.05077609999999997
0 0.600135 0.123065 0.04063379999999988 0.061018100000000006
0 0.9559780166666667 0.06924990641025641 0.08137729999999976 0.11483352051282054
0 0.676117 0.835103 0.03760829999999998 0.054896899999999874
0 0.19664634146341464 0.015322076297686053 0.04776422764227643 0.030644152595372107
