0 0.24553933397683397 0.6783991683991685 0.11094835907335905 0.11264033264033262
0 0.7904291044776118 0.9353386911595866 0.09638059701492536 0.10176808266360485
0 0.7182835820895522 0.21109644087256024 0.11940298507462671 0.12660160734787596
0 0.315107276119403 0.48378300803673935 0.0964645522388059 0.08295063145809413
0 0.44487873134328354 0.40350172215843855 0.10744402985074615 0.09425947187141215
0 0.4828311567164178 0.5202123995407578 0.10336753731343293 0.1191618828932262
0 0.9578125 0.5103846153846154 0.04312500000000014 0.05923076923076914
0 0.38190878378378373 0.6470166320166321 0.08483108108108105 0.11719334719334729
0 0.47533366819747414 0.24014837057316965 0.043735648679678434 0.06964585357237481
0 0.47378731343283575 0.3273823191733639 0.0393656716417911 0.05706084959816302
0 0.20363652113652114 0.0644298736606429 0.10939362439362442 0.1060120475505091
0 0.09615384615384613 0.05207100591715976 0.075 0.0650887573964497
0 0.02891696985446985 0.042195746041899886 0.05838227650727653 0.07527586758355988
0 0.31994542619542615 0.5768705307166846 0.05605509355509366 0.07869137099906337
0 0.15576923076923077 0.6923076923076923 0.04230769230769232 0.04378698224852061
0 0.4642876120954479 0.6385486608219099 0.06116358177925335 0.10866616859728215
0 0.5412887485648679 0.6281904089022343 0.046153846153846205 0.08165680473372784
0 0.5594295350172215 0.7728596661662104 0.07614092996555705 0.1045370779239893
0 0.7868003731343285 0.7868232800494568 0.07192164179104481 0.08536606906296916
0 0.8690631663113005 0.7194742685557841 0.06970948827292119 0.07195846633274877
0 0.7515391791044778 0.6822264417557184 0.05475746268656707 0.05919809237834478
0 0.864432405281286 0.6121958256056993 0.08057548794489079 0.06092025081692126
0 0.9258323765786453 0.5940475139097412 0.05480769230769255 0.06745562130177518
0 0.8744223593570608 0.38178044687803586 0.06645378874856477 0.0711118961405988
0 0.9179499138920781 0.4099046189172481 0.05309270952927662 0.056195354588006605
0 0.8798076923076923 0.3254437869822485 0.055769230769230946 0.048520710059171565
0 0.8537743972445466 0.25314845888898707 0.05177956371986212 0.06660778945509138
0 0.6809163318025259 0.3399938178927846 0.06727181400688892 0.09383555594807026
0 0.76484285304248 0.36847566899231654 0.07479190585533857 0.11953545880067115
0 0.6590951492537315 0.435604521769849 0.09225746268656707 0.09894021019164523
0 0.6250358783008036 0.11492537313432837 0.06149540757749719 0.09391504018369692
0 0.5387952066590125 0.09597279872825223 0.06979764638346729 0.11230239335865051
0 0.7104585246842708 0.09801289410933495 0.08001578645235355 0.08870440695928637
0 0.7968714121699196 0.09157467102358031 0.06297359357060842 0.06598957873355116
0 0.6476033295063145 0.0364121699196326 0.07233065442020639 0.07413318025258321
0 0.3214285714285714 0.4153846153846154 0.028571428571428577 0.027472527472527524
0 0.9615262970859986 0.3376608714668417 0.07028073916133622 0.07031928270734236
0 0.49031849680170564 0.02467443004756441 0.038019722814499064 0.04938822371658186
0 0.3700892857142857 0.248901098901099 0.036607142857142706 0.05274725274725273
0 0.4780059523809523 0.13373626373626377 0.029464285714285835 0.06593406593406592
0 0.5093749999999999 0.16208791208791215 0.029464285714285693 0.03956043956043953
0 0.9786986940298508 0.6466762342135476 0.04135261194029852 0.09587830080367386
0 0.7373414454277284 0.02916950306330832 0.07749999999999986 0.059487179487179374
0 0.6054556 0.204389567948718 0.05257786666666675 0.05083041794871797
0 0.848643525 0.5052560551282052 0.14771294999999982 0.09000071025641021
0 0.7669913333333332 0.2824858717948718 0.055010400000000036 0.05309009999999992
0 0.7177080000000001 0.45811899999999994 0.03348370000000017 0.037076299999999944
0 0.9849506666666668 0.403235 0.03086820000000003 0.057663100000000106
