0 0.5186458333333334 0.362051282051282 0.09104166666666672 0.11794871794871811
0 0.7262499999999998 0.08025641025641027 0.1225 0.12974358974358977
0 0.5639423076923077 0.46923076923076923 0.04134615384615394 0.05443786982248517
0 0.6230769230769231 0.51301775147929 0.03846153846153861 0.04733727810650888
0 0.7503777472527472 0.5029374471682163 0.07424450549450583 0.07654268808114974
0 0.7929487179487177 0.40528599605522686 0.07243589743589751 0.11968441814595665
0 0.7316346153846155 0.2273767258382643 0.08339743589743591 0.11447731755424063
0 0.6494230769230768 0.23005917159763314 0.06282051282051278 0.08039447731755421
0 0.5896153846153845 0.26268244575936883 0.04589743589743577 0.054595660749506884
0 0.5803205128205129 0.132741617357002 0.07102564102564095 0.10272189349112425
0 0.5906730769230769 0.028441814595660746 0.06698717948717971 0.056962524654832355
0 0.14125 0.1190138067061144 0.057500000000000016 0.08299802761341221
0 0.07846153846153847 0.3051282051282051 0.04307692307692307 0.05128205128205134
0 0.07791666666666666 0.24875739644970413 0.05583333333333332 0.06556213017751475
0 0.02849931318681319 0.35868554522400675 0.05728708791208785 0.08592561284868977
0 0.17888507326007327 0.8587123133276978 0.08389652014652016 0.09898562975486076
0 0.2670283882783883 0.8210284587207665 0.042609890109890004 0.051276415891800126
0 0.2879487179487179 0.9119329388560157 0.10576923076923091 0.11972386587771203
0 0.4083722527472527 0.8995942519019442 0.05658882783882774 0.06029867568329092
0 0.573901098901099 0.8972781065088759 0.13053113553113563 0.13262327416173547
0 0.6285599816849817 0.6620118343195266 0.05121336996336993 0.07392504930966486
0 0.03842948717948717 0.9575147928994082 0.043141025641025656 0.05727810650887582
0 0.6616071428571427 0.5846153846153846 0.04285714285714292 0.03186813186813197
0 0.10092261904761905 0.1623626373626374 0.046488095238095245 0.05989010989010983
0 0.9075297619047618 0.22661172161172163 0.0699404761904762 0.05446886446886441
0 0.45224400000000003 0.97719 0.03969169999999998 0.04529650000000017
0 0.464779 0.914867 0.034231300000000006 0.050038500000000215
0 0.04813148888888889 0.023626878632478632 0.0798414 0.0474578
0 0.6106656666666666 0.9802274102564101 0.04713670000000029 0.04005709999999978
0 0.201337 0.786747 0.02923979999999997 0.030993499999999848
