0 0.3897435897435898 0.5700197238658777 0.0471794871794873 0.05072978303747531
0 0.3061988911988912 0.2063212324750786 0.07102564102564109 0.062090729783037486
0 0.22960488041370397 0.1617484626986889 0.06389948287007112 0.06952182056254458
0 0.23490384615384613 0.27593688362919133 0.08185897435897445 0.10351084812623272
0 0.07883316008316005 0.1354030065568527 0.07375259875259879 0.12524388293619063
0 0.0601201923076923 0.5753451676528599 0.12142628205128204 0.1262327416173569
0 0.5309935897435897 0.7961341222879684 0.049679487179487225 0.05593688362919116
0 0.5173076923076924 0.8923076923076924 0.05000000000000007 0.09585798816568075
0 0.6120833333333333 0.9447731755424063 0.06583333333333342 0.07045364891518742
0 0.6860897435897436 0.9524654832347141 0.07615384615384599 0.08378698224852052
0 0.8294757326007326 0.4094167371090449 0.03271520146520146 0.04167934629473091
0 0.9442708333333334 0.1896153846153846 0.106875 0.09307692307692302
0 0.12128205128205127 0.8324260355029586 0.08410256410256416 0.13104536489151866
0 0.048677884615384616 0.8176725838264299 0.09764423076923076 0.16875739644970403
0 0.24336309523809527 0.8012637362637363 0.05660714285714292 0.06003663003662985
0 0.7935416666666666 0.9783333333333333 0.03541666666666657 0.04179487179487191
0 0.9789583333333334 0.9788461538461538 0.03958333333333328 0.040769230769230766
0 0.9216578014184398 0.2560120021822149 0.05 0.046153846153846066
0 0.04054864054054055 0.2523886124220375 0.08106488108108108 0.1449109248440748
0 0.990955 0.675351 0.018089099999999973 0.06279039999999991
0 0.9896669999999999 0.502475 0.020666699999999878 0.08350780000000003
0 0.013003599999999999 0.351131 0.026007199999999998 0.04906060000000003
