0 0.6277891685520361 0.06078663418029933 0.07714225113122161 0.11598329272537418
0 0.6055128205128205 0.4620907297830375 0.02884615384615401 0.03668639053254441
0 0.6628978129713423 0.48846588931430546 0.07218231523378585 0.08528541594152435
0 0.765126317673087 0.46728755517497356 0.0847473646538262 0.1269633511885144
0 0.8037786154441534 0.6557566361954312 0.053288357346987426 0.07083966878560807
0 0.8718465943218675 0.08103112900393962 0.04616235534377125 0.06098863695868458
0 0.28559813348416285 0.4249303863557257 0.0509615384615385 0.059171597633136085
0 0.051357466063348414 0.17480421162547857 0.06456447963800904 0.09496171249564912
0 0.08926305376912329 0.8255659128052628 0.08956599772491128 0.12012323511821915
0 0.4727450646698434 0.7230821595014923 0.05192307692307693 0.07337278106508882
0 0.5491368770377271 0.7453021348076165 0.050574930135072194 0.07518520406897752
0 0.13412564528023618 0.9201320865130832 0.06473058337214745 0.07907276700942283
0 0.5258125650702759 0.5816882232811436 0.028207964601769858 0.03335602450646705
0 0.830221238938053 0.23282505105513948 0.038716814159292026 0.03471749489448602
0 0.3327673574960957 0.18711208104753133 0.03759028500780847 0.05564009129860247
0 0.2374617712129099 0.239526188283346 0.033348516397709534 0.036784727505706154
0 0.20114442347735553 0.047526328434709476 0.03484513274336283 0.04220558202859086
0 0.11809441697032795 0.1044928522804629 0.04369469026548675 0.05513955071477194
0 0.2888103526808954 0.053097345132743355 0.04535398230088493 0.08304969366916269
0 0.9609375 0.49462669683257915 0.06985294117647044 0.06843891402714934
0 0.97875 0.22820512820512817 0.04083333333333343 0.07384615384615378
0 0.9296755 0.6156476356275304 0.07125010000000004 0.09927580000000069
0 0.217924 0.7130640000000001 0.03573720000000002 0.05312950000000009
0 0.990476 0.367156 0.019047700000000133 0.06302819999999996
0 0.0128998 0.5355193323836658 0.025645999999999995 0.06296520000000012
0 0.865488 0.0188423 0.040893200000000005 0.0360631
0 0.021585928169014074 0.8894272708559047 0.04420720000000003 0.06960499999999999
0 0.00768405 0.214868 0.0153681 0.05062650000000002
