0 0.4136904761904762 0.7576923076923077 0.04261904761904766 0.058974358974358945
0 0.218125 0.810128205128205 0.07374999999999997 0.08333333333333327
0 0.3882051282051282 0.4260749506903353 0.07858974358974358 0.12733727810650897
0 0.3676602564102564 0.19917159763313613 0.1363461538461539 0.1257593688362918
0 0.288525641025641 0.11132149901380671 0.09461538461538474 0.12094674556213017
0 0.33333333333333337 0.03891518737672584 0.05833333333333325 0.07909270216962527
0 0.03522893772893772 0.13975204282896592 0.0712087912087912 0.07639335023950412
0 0.12317078754578756 0.20839391377852914 0.0786584249084249 0.05603268526345451
0 0.18701923076923074 0.29305719921104534 0.09326923076923084 0.09467455621301776
0 0.06323260073260073 0.30846435615666384 0.0968681318681319 0.11230205691744152
0 0.14663461538461536 0.39763313609467454 0.08749999999999993 0.06272189349112435
0 0.22291666666666665 0.4949901380670611 0.12249999999999982 0.12078895463510854
0 0.0892948717948718 0.48725838264299803 0.04974358974358974 0.06445759368836294
0 0.14759615384615382 0.5331360946745562 0.047115384615384615 0.05680473372781063
0 0.30201923076923076 0.57534516765286 0.07403846153846154 0.06627218934911254
0 0.3808264652014651 0.620552268244576 0.10168040293040306 0.09940828402366876
0 0.49253205128205124 0.6078895463510848 0.08493589743589744 0.11447731755424054
0 0.43076923076923074 0.536094674556213 0.032692307692307736 0.04615384615384624
0 0.19256410256410256 0.610966469428008 0.03320512820512818 0.04678500986193311
0 0.21112179487179486 0.6911242603550295 0.09608974358974358 0.09570019723865891
0 0.03351648351648351 0.5123527754296986 0.06463369963369964 0.10452521837137221
0 0.5923076923076923 0.22130177514792898 0.03653846153846139 0.05088757396449707
0 0.5402312271062271 0.19727247111862495 0.04287087912087941 0.06186531417300645
0 0.3272435897435898 0.749230769230769 0.057179487179487155 0.09025641025641037
0 0.36493589743589744 0.8740828402366865 0.06012820512820511 0.1092702169625246
0 0.45660256410256417 0.9078500986193294 0.09179487179487182 0.11558185404339243
0 0.5402174908424908 0.9640687517610593 0.06623168498168511 0.06673429134967591
0 0.5326923076923077 0.7408284023668639 0.0596153846153846 0.06982248520710055
0 0.4975961538461538 0.7863905325443786 0.029807692307692264 0.05443786982248525
0 0.6761927655677655 0.6307326007326007 0.07261446886446897 0.13238095238095254
0 0.751698717948718 0.6265877712031558 0.0449358974358978 0.048362919132149934
0 0.6641231684981684 0.7942716258100873 0.08342032967032971 0.13761059453367133
0 0.5960004578754579 0.8592054099746408 0.10466575091575088 0.11030712876866731
0 0.167275641025641 0.8807889546351084 0.03173076923076918 0.04142011834319524
0 0.06894230769230766 0.6732544378698225 0.09044871794871795 0.09041420118343187
0 0.7236630036630035 0.029195548041701887 0.11600732600732613 0.05853198083967315
0 0.6734890109890108 0.145054945054945 0.061538461538461604 0.10059171597633125
0 0.7595947802197801 0.11282333051563823 0.05081043956043956 0.05230205691744156
0 0.8946153846153845 0.3054071569456185 0.09410256410256437 0.10610876303183996
0 0.9587877747252748 0.47409270216962535 0.08296016483516482 0.10053254437869835
0 0.9607451923076923 0.38911242603550295 0.07725961538461547 0.043313609467455674
0 0.22771634615384614 0.9599901380670611 0.06081730769230773 0.07848126232741624
0 0.05495192307692305 0.9652268244575936 0.054262820512820546 0.0705719921104539
0 0.11864583333333334 0.9624358974358975 0.05229166666666668 0.07153846153846188
0 0.5977678571428571 0.9785714285714288 0.034821428571428614 0.03736263736263744
0 0.01875 0.6574358974358975 0.0375 0.07692307692307693
0 0.2969280000000001 0.327278 0.06089040000000004 0.06461780000000007
0 0.64156 0.423255 0.0398890999999999 0.05045459999999996
0 0.305893 0.405903 0.08384929999999997 0.10782500000000006
0 0.136517 0.623051 0.03351219999999998 0.04147169999999995
0 0.513442 0.0979475 0.025777799999999972 0.04823449999999999
0 0.990563 0.8565639999999999 0.018873700000000184 0.09074049999999996
0 0.0199319 0.39405500000000004 0.03951430000000001 0.052629400000000014
0 0.17291666666666664 0.9702564102564102 0.04083333333333332 0.052307692307692305
0 0.5837500196078431 0.04802750437405729 0.05539230000000003 0.09008399999999993
0 0.600674 0.707646 0.04035570000000014 0.04916040000000014
0 0.6276587450980393 0.027377091251885338 0.030868700000000117 0.04393779999999992
0 0.23502899999999996 0.0248027 0.0455396 0.04960549999999999
