0 0.45989583333333334 0.23166666666666663 0.06354166666666672 0.07717948717948721
0 0.31875 0.05653846153846154 0.03500000000000004 0.04230769230769233
0 0.39552083333333327 0.5998717948717948 0.06395833333333335 0.09358974358974373
0 0.10427083333333334 0.41192307692307695 0.05145833333333332 0.053076923076923035
0 0.1009375 0.8961538461538462 0.049374999999999974 0.06307692307692307
0 0.6609375 0.6673076923076923 0.05062499999999986 0.04846153846153855
0 0.23059523809523802 0.12882783882783885 0.05535714285714281 0.06901098901098907
0 0.2869791666666667 0.22141025641025636 0.07270833333333336 0.08948717948717944
0 0.6150641025641026 0.32303747534516764 0.07820512820512818 0.09341222879684416
0 0.6996474358974359 0.2848830656522965 0.04737179487179489 0.05074668920822756
0 0.7168589743589743 0.3442603550295858 0.06794871794871796 0.08583826429980268
0 0.619198717948718 0.4225641025641026 0.04160256410256409 0.03589743589743596
0 0.6607051282051283 0.4887573964497041 0.06730769230769233 0.08402366863905329
0 0.8064102564102563 0.28414201183431953 0.07051282051282044 0.10556213017751478
0 0.8659935897435898 0.25834319526627214 0.04801282051282044 0.08946745562130179
0 0.9244230769230769 0.2370808678500986 0.06448717948717957 0.10327416173570018
0 0.8333653846153846 0.16418145956607494 0.06493589743589752 0.04804733727810657
0 0.7663461538461539 0.09282051282051282 0.09397435897435884 0.11282051282051284
0 0.909775641025641 0.0757396449704142 0.13044871794871796 0.13672583826429982
0 0.6464102564102564 0.16240631163708083 0.12717948717948743 0.13159763313609468
0 0.5075 0.1556213017751479 0.11333333333333329 0.10414201183431955
0 0.367948717948718 0.15467455621301773 0.09743589743589745 0.09988165680473376
0 0.3742582417582417 0.2900197238658777 0.04148351648351664 0.056883629191321505
0 0.3919551282051282 0.4398816568047338 0.0760897435897435 0.09357001972386587
0 0.15678800366300363 0.9265483234714003 0.06309065934065945 0.08433925049309664
0 0.20666666666666664 0.9605128205128206 0.04833333333333336 0.06564102564102575
0 0.07612179487179489 0.47542406311637075 0.06275641025641025 0.08197238658777135
0 0.03532051282051281 0.6641025641025642 0.07102564102564102 0.06358974358974373
0 0.0871153846153846 0.35349112426035506 0.0657692307692308 0.06122287968441806
0 0.027219551282051276 0.34516765285996054 0.05556089743589745 0.09222879684418142
0 0.2267948717948718 0.0366370808678501 0.08141025641025643 0.07339250493096645
0 0.38227564102564104 0.024280078895463516 0.07211538461538482 0.04887573964497042
0 0.974366987179487 0.2907495069033531 0.05001602564102569 0.11388560157790927
0 0.9695317278287462 0.4972418254528345 0.061769877675840947 0.07846389084921192
0 0.03041666666666668 0.03384615384615385 0.0575 0.06666666666666667
0 0.11875 0.9774358974358973 0.044166666666666625 0.042051282051282286
0 0.54106 0.327142 0.03245349999999995 0.041858599999999996
0 0.708821 0.0142324 0.058222099999999985 0.0284648
0 0.095816 0.0145693 0.0562997 0.0291386
