0 0.2751041666666667 0.5833333333333334 0.06479166666666657 0.06307692307692307
0 0.10843750000000002 0.7897435897435898 0.09479166666666668 0.09538461538461539
0 0.233125 0.4912820512820513 0.08041666666666664 0.06871794871794874
0 0.10125 0.41192307692307695 0.05249999999999999 0.06846153846153842
0 0.35364583333333327 0.05615384615384615 0.08270833333333336 0.08358974358974358
0 0.19364583333333332 0.28192307692307694 0.07104166666666663 0.08743589743589746
0 0.09778846153846153 0.2213372781065089 0.12942307692307695 0.1825562130177515
0 0.09282051282051279 0.316094674556213 0.06538461538461536 0.05680473372781067
0 0.22282051282051277 0.15917159763313607 0.06730769230769224 0.09230769230769233
0 0.067275641025641 0.06907297830374755 0.08211538461538462 0.09057199211045365
0 0.18413461538461537 0.40828402366863903 0.07596153846153847 0.08639053254437871
0 0.08099358974358975 0.5827218934911241 0.12634615384615383 0.1381459566074952
0 0.17599358974358975 0.6520710059171597 0.07467948717948722 0.0712426035502958
0 0.22666666666666657 0.7958974358974358 0.03833333333333336 0.05846153846153855
0 0.23714743589743587 0.9207100591715977 0.05070512820512825 0.09806706114398402
0 0.1928525641025641 0.9630374753451675 0.04929487179487186 0.06674556213017765
0 0.1476923076923077 0.8960157790927022 0.07294871794871793 0.07360946745562125
0 0.08583333333333334 0.8972386587771204 0.04500000000000003 0.07116370808678486
0 0.023125 0.8344871794871797 0.04708333333333336 0.08794871794871789
0 0.3504807692307692 0.6325443786982249 0.02788461538461533 0.044970414201183515
0 0.8224358974358975 0.44311637080867844 0.038461538461538394 0.04197238658777127
0 0.18425400000000003 0.8224919999999999 0.0328791 0.044711499999999925
0 0.189595 0.012757 0.0440278 0.025514
