0 0.8010416666666669 0.5915384615384616 0.06791666666666657 0.07538461538461538
0 0.4486458333333333 0.6221794871794871 0.057708333333333355 0.06948717948717943
0 0.35125 0.818076923076923 0.04375 0.05307692307692308
0 0.8648958333333334 0.735897435897436 0.08854166666666685 0.09846153846153838
0 0.6540625 0.7675641025641025 0.066875 0.09666666666666637
0 0.5607291666666666 0.6946153846153846 0.050208333333333216 0.06000000000000009
0 0.8236458333333334 0.46666666666666673 0.08270833333333343 0.058461538461538634
0 0.7921875 0.11615384615384615 0.046875 0.052307692307692305
0 0.48625 0.5376923076923077 0.045 0.043076923076923075
0 0.7084375 0.37423076923076926 0.06062499999999986 0.06692307692307688
0 0.9480208333333334 0.7861538461538462 0.06395833333333342 0.07794871794871763
0 0.37260416666666674 0.6612820512820513 0.07645833333333328 0.08358974358974347
0 0.8875 0.8428205128205128 0.06666666666666671 0.07743589743589732
0 0.23843750000000008 0.8492307692307692 0.068125 0.08461538461538462
0 0.5191506410256411 0.3882807363576594 0.054807692307692266 0.08402366863905317
0 0.3872435897435898 0.28236686390532545 0.057179487179487155 0.0783431952662722
0 0.342724358974359 0.31518737672583824 0.05955128205128215 0.10706114398422095
0 0.2973717948717949 0.36777120315581846 0.07692307692307683 0.11676528599605521
0 0.3146153846153846 0.5990138067061144 0.04243589743589744 0.058382642998027624
0 0.3350961538461538 0.7485207100591716 0.037499999999999964 0.044970414201183515
0 0.35271367521367525 0.9333053911900066 0.07123931623931622 0.12620973044049955
0 0.6326923076923076 0.9266272189349114 0.061538461538461604 0.06982248520710055
0 0.7177884615384614 0.6325443786982249 0.05865384615384613 0.08284023668639048
0 0.7110256410256411 0.4545956607495069 0.057948717948717955 0.060039447731755374
0 0.6485443376068376 0.22569033530571994 0.06055021367521363 0.14904667981591063
0 0.5951923076923077 0.2378698224852071 0.03461538461538446 0.048520710059171614
0 0.4256410256410256 0.03755424063116371 0.07205128205128204 0.07566074950690335
0 0.6962339743589743 0.05753287310979619 0.09364316239316238 0.11570348454963839
0 0.7219284188034188 0.21418474687705455 0.06829594017093996 0.12932281393819858
0 0.8208653846153845 0.30394477317554236 0.12660256410256437 0.1377514792899408
0 0.9687099358974358 0.21579881656804734 0.0634134615384616 0.07917159763313608
0 0.9660336538461539 0.3775443786982249 0.06668269230769212 0.11721893491124258
0 0.9322115384615384 0.6201183431952663 0.07980769230769226 0.08402366863905321
0 0.8711538461538462 0.5242603550295857 0.06538461538461533 0.04615384615384624
0 0.6279807692307693 0.4086785009861933 0.07403846153846146 0.07802761341222877
0 0.8504807692307692 0.13136094674556212 0.04326923076923066 0.05325443786982248
0 0.7347074468085105 0.5306873977086742 0.05917553191489361 0.028641571194762735
0 0.9711369680851064 0.1514620840152755 0.04105939716312065 0.04066557555919259
0 0.2615846631205674 0.25615930169121653 0.0418306737588653 0.05896344789961797
0 0.7679521276595744 0.734860883797054 0.04188829787234056 0.040916530278232395
0 0.7704166666666665 0.03429742314070672 0.04916666666666686 0.06986669218012502
0 0.98 0.48358974358974366 0.03833333333333343 0.036923076923076927
0 0.9826041666666666 0.541794871794872 0.03354166666666686 0.048717948717948746
0 0.8470833333333334 0.9771794871794871 0.05416666666666672 0.046153846153846156
0 0.2035590277777778 0.7692307692307693 0.044270833333333356 0.040598290598290634
