0 0.4893342391304348 0.6120234113712375 0.03854166666666657 0.0613489409141581
0 0.5747961956521739 0.6167335562987737 0.0460597826086957 0.06307692307692299
0 0.459284420289855 0.8782051282051283 0.0633152173913043 0.0652173913043477
0 0.41731884057971014 0.6290635451505018 0.05394927536231883 0.09973244147157183
0 0.5531204710144927 0.6870234113712375 0.0649547101449275 0.06408026755852837
0 0.360093085106383 0.028232405891980356 0.039787234042553195 0.05646481178396071
0 0.29995967741935486 0.44306451612903225 0.07649193548387104 0.09526054590570722
0 0.5014447463768116 0.8001170568561873 0.0641394927536232 0.0786956521739128
0 0.14720108695652173 0.01950947603121516 0.03440217391304344 0.03901895206243032
0 0.42767137096774194 0.9564267990074443 0.053931451612903275 0.06977667493796529
0 0.16617368177613323 0.08568028179036503 0.05442799876657411 0.052719703977798314
0 0.508179347826087 0.4419230769230769 0.05157608695652179 0.03923076923076923
0 0.49669836956521735 0.5330657748049052 0.044646739130434696 0.062073578595317695
0 0.309705615942029 0.5633054626532886 0.05812499999999996 0.051761426978818185
0 0.49257056451612896 0.2670347394540943 0.05014112903225801 0.060223325062034753
0 0.325625 0.09692307692307692 0.038749999999999965 0.052307692307692305
0 0.3381929347826087 0.641438127090301 0.041911231884057966 0.05937569676700124
0 0.1596875 0.4715384615384615 0.045624999999999985 0.04153846153846154
0 0.16080615942028983 0.16939241917502784 0.05248188405797098 0.0625529542920847
0 0.26427675585284277 0.221370379898808 0.0586538461538462 0.10769230769230774
0 0.2362325665026788 0.06384527742231681 0.06513496525059899 0.07820631419151305
0 0.20624999999999996 0.41005917159763317 0.045192307692307664 0.05680473372781071
0 0.15632176700111483 0.5971683389074693 0.09996516164994423 0.09007803790412482
0 0.18383848940914155 0.7054455021010204 0.1096780936454849 0.11530743503987669
0 0.19954013377926416 0.8654636333566098 0.1335284280936455 0.12860450586203115
0 0.3316338399503722 0.922680855125024 0.06134460297766754 0.06824775720557368
0 0.5525744416873448 0.9115527772475663 0.07630272952853609 0.10121206337087223
0 0.646650124069479 0.8797766749379653 0.05549007444168723 0.05806451612903227
0 0.7371626861042185 0.9229576255010499 0.06095688585607945 0.05358847108226795
0 0.7102318548387098 0.8428755487688491 0.08860887096774206 0.09960870395113576
0 0.7102512406947891 0.7353216262645542 0.05127171215880907 0.077743844245085
0 0.644233490475163 0.622527739279816 0.06435559969483527 0.045267102085529046
0 0.6303204983714275 0.5580621548768059 0.05286706777327382 0.06377643466326162
0 0.5409684065934066 0.4956677937447167 0.041277472527472485 0.03833474218089603
0 0.5524352006688963 0.35187805505531256 0.056361482720178345 0.062130177514792856
0 0.6314450947603121 0.3876425692479204 0.09999999999999985 0.10414201183431951
0 0.49964116499442596 0.35299288225709624 0.03876114827201782 0.050981905496955686
0 0.5992119789980938 0.2923363237259019 0.0682692307692303 0.0733727810650887
0 0.43269230769230765 0.23964497041420119 0.04615384615384613 0.08994082840236688
0 0.3555643587945481 0.3731808675734666 0.07516160499154889 0.07870029959252105
0 0.4031668060200668 0.4816610925306577 0.06685479375696765 0.08015607580824971
0 0.4605943422519509 0.4234671125975474 0.035333054626532884 0.03600891861761423
0 0.5231372389559253 0.0645115404294939 0.1058994351316273 0.12961682995483606
0 0.4368687290969899 0.08515050167224082 0.056479933110367926 0.08049052396878485
0 0.4855769230769231 0.708284023668639 0.036538461538461534 0.05680473372781054
0 0.2882629598662207 0.6256496012348854 0.04394509476031214 0.06977103164394127
0 0.5306596392737697 0.2347405882857388 0.0653473881191271 0.14487779778749674
0 0.5807562908106386 0.5248520710059172 0.04134615384615394 0.044970414201183515
0 0.6633928571428571 0.5140321217244295 0.04903846153846153 0.06863905325443782
0 0.3498134328358208 0.5063145809414467 0.02238805970149244 0.03444316877152696
0 0.43561966226708065 0.31966674629718106 0.025111607142857224 0.05219780219780222
0 0.4670833333333333 0.33892857142857136 0.026785714285714163 0.04670329670329675
0 0.42959449404761896 0.3918766921484311 0.04751391045548651 0.04790770823379524
0 0.6478794642857142 0.8190247252747251 0.03683035714285723 0.03365384615384615
0 0.3422376423395444 0.8410823777671602 0.04831457039337469 0.03243948080904602
0 0.25221596790890266 0.7075270743749005 0.05716226708074533 0.07212533842968627
0 0.0942109860248447 0.25692287784679085 0.04527368012422361 0.06920887083930556
0 0.2700892857142857 0.03537087912087912 0.03459821428571431 0.0570054945054945
0 0.020735590607210627 0.971061158954897 0.042278818785578744 0.05633922055174445
0 0.23673980594448538 0.10378470608242162 0.04285372144436248 0.038789562194131065
0 0.3242753623188406 0.15496098104793754 0.044384057971014496 0.05685618729096986
0 0.4129363896680691 0.025297766749379648 0.04246055399719509 0.05094292803970224
0 0.6789898901355774 0.6735758981551407 0.07851215521271619 0.05111123098500369
0 0.2930947580645162 0.9758064516129032 0.05997983870967751 0.04590570719602983
0 0.3528125 0.9661166253101737 0.049374999999999926 0.066228287841191
0 0.548438 0.742066 0.032016899999999925 0.036920599999999956
0 0.634537 0.9807559999999999 0.05111620000000009 0.03848870000000016
0 0.503712 0.9762170000000001 0.0517954000000001 0.04756609999999997
0 0.382483 0.434581 0.025566199999999952 0.032395100000000045
0 0.013345099999999999 0.738231 0.026600899999999993 0.05284660000000013
0 0.43204099999999995 0.699739 0.028640899999999973 0.03624340000000005
0 0.407334 0.849765 0.03492229999999992 0.05255029999999999
0 0.3858566666666667 0.11146792307692308 0.02978349999999985 0.05495150000000004
0 0.4613946666666668 0.16473415384615386 0.05440080000000002 0.06432859999999994
