0 0.9115625 0.1626923076923077 0.045625 0.04230769230769231
0 0.594375 0.018461538461538463 0.04375 0.036923076923076927
0 0.5828125 0.345 0.036875 0.06076923076923081
0 0.3171875 0.4469230769230769 0.054374999999999965 0.043076923076923075
0 0.595625 0.5115384615384615 0.07000000000000008 0.08769230769230778
0 0.945 0.03 0.056249999999999856 0.06
0 0.42640625 0.36615384615384616 0.05625 0.06307692307692303
0 0.3009375 0.6 0.053124999999999964 0.07538461538461538
0 0.50125 0.34384615384615386 0.03249999999999993 0.05076923076923077
0 0.675 0.20423076923076924 0.058333333333333286 0.0664102564102564
0 0.37739583333333326 0.5846153846153846 0.06354166666666665 0.1323076923076922
0 0.46125 0.17153846153846153 0.06875 0.07846153846153849
0 0.9228125 0.6176923076923077 0.069375 0.08307692307692299
0 0.4296875 0.2723076923076923 0.058125 0.07076923076923076
0 0.208125 0.41807692307692307 0.0625 0.05923076923076923
0 0.4140625 0.87 0.041875 0.09692307692307692
0 0.4875 0.6857692307692308 0.071875 0.09769230769230779
0 0.3285472972972973 0.04937629937629938 0.057432432432432456 0.08108108108108109
0 0.7721875 0.8469230769230769 0.09895833333333329 0.12666666666666654
0 0.8784375 0.0926923076923077 0.040625 0.04692307692307692
0 0.8690625 0.3630769230769231 0.054375 0.047692307692307694
0 0.5309375 0.39653846153846156 0.03937499999999993 0.04692307692307692
0 0.47026041666666657 0.4928205128205127 0.08281249999999993 0.0923076923076924
0 0.5119150641025642 0.5523323471400394 0.03461538461538453 0.03076923076923068
0 0.6769230769230767 0.46686390532544375 0.04230769230769212 0.06863905325443782
0 0.7802884615384613 0.4118343195266272 0.0509615384615384 0.07218934911242601
0 0.8668269230769231 0.4715976331360947 0.07211538461538482 0.09940828402366876
0 0.8249999999999998 0.5976331360946745 0.0634615384615384 0.11479289940828415
0 0.7519230769230768 0.6739644970414201 0.06538461538461547 0.06627218934911228
0 0.7418269230769229 0.7325443786982249 0.0625 0.05798816568047335
0 0.9533012820512821 0.7484418145956607 0.04173076923076934 0.08362919132149903
0 0.7464102564102564 0.17534516765285996 0.04551282051282058 0.06059171597633141
0 0.6600721153846152 0.09516518737672584 0.08485576923076926 0.10197731755424062
0 0.6040384615384616 0.12595167652859962 0.03358974358974365 0.05066074950690336
0 0.5569611378205128 0.12157051282051283 0.041077724358974166 0.05121794871794875
0 0.5091346153846154 0.06982248520710059 0.05096153846153847 0.0816568047337278
0 0.4715064102564102 0.020621301775147927 0.038653846153846275 0.04183431952662722
0 0.3468910256410257 0.15203155818540434 0.04288461538461547 0.06619329388560163
0 0.20374999999999996 0.03869822485207101 0.054807692307692335 0.06153846153846155
0 0.10487179487179488 0.06402366863905325 0.06358974358974362 0.053491124260355044
0 0.21753205128205128 0.2689546351084813 0.036602564102564156 0.08260355029585802
0 0.12499999999999996 0.334319526627219 0.03461538461538458 0.037869822485207094
0 0.27115384615384613 0.7214201183431952 0.09615384615384613 0.12899408284023672
0 0.39442307692307693 0.7177514792899409 0.05782051282051299 0.060907297830374844
0 0.5906850961538461 0.7772928994082839 0.03846153846153854 0.06035502958579872
0 0.6304487179487178 0.7894280078895463 0.04423076923076905 0.05325443786982244
0 0.6163461538461539 0.9337278106508875 0.0596153846153846 0.06272189349112418
0 0.027187500000000017 0.9293589743589742 0.055624999999999966 0.11564102564102594
0 0.09541666666666666 0.9202366863905326 0.07596153846153843 0.08639053254437858
0 0.2145042067307692 0.8608678500986193 0.045522836538461536 0.061982248520709896
0 0.33288461538461533 0.9574358974358975 0.03423076923076931 0.03897435897435886
0 0.4034775641025641 0.9699408284023668 0.048076923076923066 0.05798816568047326
0 0.47083333333333327 0.9731360946745562 0.04166666666666671 0.048599605522682186
0 0.54 0.9743195266272189 0.03461538461538474 0.0473372781065088
0 0.5558012820512819 0.8750295857988165 0.039423076923077005 0.08639053254437858
0 0.7271153846153845 0.9644970414201183 0.06730769230769226 0.07100591715976337
0 0.7403846153846153 0.028402366863905324 0.040384615384615186 0.05325443786982248
0 0.8282051282051281 0.060907297830374754 0.03692307692307708 0.05151873767258383
0 0.7429166666666666 0.10749506903353058 0.044166666666666715 0.0670611439842209
0 0.5892628205128204 0.22362919132149897 0.05814102564102548 0.06863905325443793
0 0.5461538461538461 0.27041420118343196 0.048076923076923135 0.044970414201183424
0 0.39107142857142846 0.43736263736263736 0.025 0.03626373626373624
0 0.44481382978723405 0.6129296235679214 0.027260638297872432 0.024549918166939314
0 0.18003324468085105 0.9750654664484452 0.0649335106382979 0.04833060556464821
0 0.2553191489361702 0.48854337152209487 0.04321808510638299 0.01963993453355145
0 0.1924867021276596 0.6370703764320784 0.043882978723404235 0.03191489361702128
0 0.19348404255319146 0.1783960720130933 0.04454787234042545 0.029459901800327308
0 0.17553191489361702 0.09697217675941079 0.040558510638297844 0.05155482815057282
0 0.17862367021276598 0.2560283687943262 0.037752659574468106 0.05922531369339879
0 0.85 0.18717948717948715 0.04833333333333343 0.08205128205128204
0 0.35791666666666666 0.9379487179487179 0.0275 0.045128205128205014
0 0.9888698630136986 0.7486828240252899 0.020547945205479437 0.08956796628029512
0 0.79875 0.6671794871794872 0.050833333333333286 0.06153846153846154
0 0.9833333333333334 0.20358974358974355 0.03166666666666671 0.07179487179487176
0 0.9880208333333335 0.10974358974358972 0.022708333333333285 0.04205128205128206
0 0.787754 0.0913346 0.03364959999999997 0.0568669
0 0.6732290000000001 0.015020700000000001 0.036959399999999934 0.030041400000000003
0 0.252988 0.054318 0.03049990000000001 0.04967990000000001
0 0.979821 0.578315 0.040357600000000105 0.09101190000000009
0 0.229863 0.977043 0.0331842 0.045913699999999925
0 0.846149 0.523591 0.03523859999999999 0.04315559999999996
0 0.37540999999999997 0.235263 0.04934190000000001 0.04018139999999999
0 0.930255 0.895211 0.11743600000000015 0.12605
