0 0.46747121902758293 0.30204013377926425 0.06324596774193544 0.09380156075808255
0 0.3853260869565217 0.7298104793756968 0.06358695652173907 0.07103678929765893
0 0.4432789855072464 0.4573857302118171 0.07177536231884055 0.07742474916387952
0 0.36585203366058905 0.456644370122631 0.05181042543244509 0.09340022296544029
0 0.6075430984104722 0.2947559966914805 0.05665293361383817 0.08161398209084036
0 0.4771875 0.5257692307692308 0.040625 0.045384615384615384
0 0.6649928253694936 0.645199289159685 0.05044913186970874 0.09979094230493282
0 0.3247961956521739 0.9060758082497211 0.04787137681159425 0.06410256410256404
0 0.6454483695652173 0.7406020066889631 0.07142210144927531 0.09293199554069106
0 0.6204483695652173 0.5389910813823857 0.052581521739130326 0.09035674470457068
0 0.5657427536231884 0.6069565217391304 0.05782608695652172 0.09154960981047933
0 0.2637001811594203 0.8772073578595317 0.05774456521739122 0.08616499442586385
0 0.4704076086956522 0.8061538461538461 0.06009057971014485 0.08000000000000008
0 0.46400362318840577 0.6373690078037904 0.05749999999999986 0.12325529542920838
0 0.7450135869565219 0.6854905239687848 0.04346920289855092 0.05214046822742489
0 0.31174263674614305 0.7897383752292587 0.0667321178120617 0.08607508900636529
0 0.6419655797101449 0.43819955406911926 0.0756702898550725 0.08792642140468222
0 0.3297916666666667 0.6669509476031216 0.06686594202898548 0.10422519509476037
0 0.3765172101449275 0.9496488294314381 0.05403079710144922 0.08732441471571886
0 0.5856431159420289 0.7868673355629877 0.060597826086956415 0.13195094760312154
0 0.41556159420289845 0.11142536052073218 0.05927536231884062 0.10602330348473406
0 0.6082728494623656 0.1524844463624267 0.057910822814399125 0.08745028230301714
0 0.27433832982702194 0.6000222965440356 0.07632334034595598 0.11991081382385713
0 0.5147330820476858 0.1656608048333153 0.06383093735390367 0.12352788866112838
0 0.6250371287128713 0.6438537699923838 0.03500000000000014 0.052307692307692395
0 0.38625 0.5841935483870968 0.05875 0.06461538461538444
0 0.45551791140719955 0.04623745819397993 0.07356562646096307 0.09370122630992195
0 0.12715579710144925 0.8394816053511706 0.08264492753623187 0.09918617614269772
0 0.28493199967990107 0.35719381945912626 0.13575194266918333 0.13845517044629593
0 0.26757287768910665 0.23906263664699373 0.0998180127377286 0.09601073562463014
0 0.13500971334591655 0.3732433405419266 0.09954579069947121 0.16321231557166513
0 0.2062732630272953 0.4930330215690017 0.05961538461538456 0.07218934911242601
0 0.2865656017369727 0.4836371444932239 0.08211073200992558 0.07615002863141836
0 0.5457484850936813 0.35877580631329686 0.08875665300104281 0.14755429595757566
0 0.7058528428093647 0.48357773775833984 0.08648272017837272 0.09527484778320898
0 0.7049899193548387 0.5600830311128079 0.07389112903225793 0.09075205191830492
0 0.7010687908106386 0.8489828733139767 0.07884067924828785 0.11362845627059642
0 0.8236693948711072 0.8220239141848343 0.08545106533024921 0.10400122402720977
0 0.04148550724637681 0.7602135322871109 0.05561594202898551 0.08603893319612368
0 0.20860956773474298 0.8379514289429059 0.0447373862696443 0.07994998492355256
0 0.08509615384615384 0.891715976331361 0.05673076923076927 0.06153846153846154
0 0.25733695652173916 0.962807649429723 0.06775362318840575 0.07215504673698643
0 0.4461538461538461 0.906508875739645 0.053846153846153724 0.12189349112426026
0 0.61875 0.9472485207100592 0.08750000000000022 0.10396449704142015
0 0.38064954417952307 0.7938060698606605 0.03770161290322584 0.05134567665585048
0 0.389781911928651 0.20022725323728668 0.05739269788182824 0.06554326387102306
0 0.15686422425687382 0.084695931517515 0.13011213119639728 0.1695156063072219
0 0.27861622073578596 0.16344211726367933 0.03529206833234966 0.08035558447716623
0 0.6902905518394649 0.26869479461452705 0.08318701226309912 0.11366949661264034
0 0.6666585751789117 0.11301768232127493 0.06976255978710412 0.11287210469970205
0 0.5522669651526594 0.24246993701087988 0.04711538461538467 0.05443786982248521
0 0.8104473244147157 0.9632248520710058 0.07160535117056867 0.07201183431952674
0 0.7102691093969145 0.3977280900492681 0.08399076671341732 0.08637213651238894
0 0.7892670348293594 0.6189853274355378 0.07182824918186043 0.09870716006760885
0 0.7361865942028984 0.620203545869745 0.042119565217391255 0.040529363110008404
0 0.7166476741467974 0.9568024238501098 0.08545465170640483 0.08485669076131916
0 0.12893773375409068 0.9694161542057754 0.04716076437587658 0.05962923004998751
0 0.30424383989219805 0.14142757113634102 0.03798503973819521 0.07431581975761499
0 0.2329085457271364 0.022846762459478226 0.034182908545727066 0.0455249910783206
0 0.512143928035982 0.01721120209126206 0.04998750624687645 0.03512051666474455
0 0.7637140287769784 0.8267847260653014 0.053507194244604366 0.06530160486995014
0 0.7850654259201335 0.8909715037334679 0.061209727869877925 0.060866357081559165
0 0.5178927510165781 0.5671382626340399 0.04120725159003229 0.04855513582445068
0 0.35969166627321597 0.2328915185514238 0.02000345990639815 0.039296788731695245
0 0.6668931159420289 0.185340022296544 0.04030797101449281 0.04849498327759193
0 0.09895833333333331 0.7466555183946487 0.05570652173913044 0.06521739130434788
0 0.024230072463768116 0.8274804905239689 0.04664855072463767 0.061872909698996725
0 0.01743659420289855 0.9152731326644369 0.03396739130434783 0.05797101449275348
0 0.3984565376623377 0.32432892407592406 0.07321679480519486 0.06662686713286715
0 0.523784 0.970324358974359 0.04505420000000008 0.05292220000000008
0 0.32769999999999994 0.983688 0.03790810000000001 0.0326242000000002
0 0.41525962337662337 0.3852160039960041 0.07276119999999998 0.05465440000000014
