0 0.22375 0.3153846153846154 0.04125 0.056923076923076965
0 0.2109375 0.2103846153846154 0.040625 0.054615384615384614
0 0.18267146017699115 0.42851940095302926 0.041736725663716785 0.055146358066711997
0 0.2484375 0.5011538461538462 0.043125 0.05153846153846154
0 0.0590625 0.019230769230769232 0.043125 0.038461538461538464
0 0.3109375 0.4173076923076923 0.039375000000000035 0.04692307692307692
0 0.13250553097345133 0.4208543226684819 0.04251106194690262 0.06639210347174941
0 0.26 0.4157692307692308 0.037499999999999964 0.04384615384615385
0 0.37125 0.4592307692307692 0.05000000000000007 0.05846153846153846
0 0.221875 0.44576923076923075 0.03125 0.036153846153846154
0 0.17821349557522123 0.3585942818243703 0.06724557522123893 0.061572498298161936
0 0.18347627103938918 0.49708898944193064 0.05339059517612355 0.04956259426847658
0 0.2975 0.5553846153846154 0.04875 0.07076923076923068
0 0.2497345132743363 0.6211538461538462 0.05 0.0623076923076924
0 0.5503125 0.5076923076923077 0.049374999999999926 0.047692307692307694
0 0.491875 0.46307692307692305 0.0575 0.052307692307692305
0 0.034952986725663715 0.38508849557522123 0.053125 0.03769230769230773
0 0.010232300884955753 0.01599727705922396 0.020464601769911505 0.03199455411844792
0 0.05007190265486725 0.33153846153846156 0.04625 0.043076923076923124
0 0.356875 0.5376923076923077 0.065 0.07692307692307693
0 0.5790625 0.4573076923076923 0.04812499999999993 0.05307692307692308
0 0.08956581858407078 0.44733832539142265 0.0454258849557522 0.039292035398229924
0 0.0703125 0.25769230769230766 0.064375 0.06769230769230773
0 0.15520464601769912 0.2482641252552757 0.06901548672566366 0.07801225323349216
0 0.6023344070922128 0.5441154726163505 0.05217198183547495 0.07824437049634578
0 0.673253029465004 0.48076149514202604 0.0434087137972648 0.0629525341914723
0 0.5642755681818181 0.5799825174825175 0.03125 0.03583916083916078
0 0.30362215909090906 0.6437937062937064 0.05113636363636363 0.0603146853146852
0 0.16144000150844728 0.54591094745962 0.056544775744167254 0.0463673494646946
0 0.20778233105390187 0.554489758029581 0.02485795454545457 0.0297202797202798
0 0.24754405923169748 0.5629641376322793 0.03699152755430415 0.036767436103719124
0 0.0535011690466613 0.5585045485487962 0.07220120172968623 0.07291602203106629
0 0.03363014129123089 0.4732192586174887 0.06769546962992759 0.07738721455535597
0 0.10316051136363637 0.1701451203663593 0.043678977272727265 0.06406646450894236
0 0.04950378368865648 0.06921452441363946 0.04147915828640385 0.056261216659446736
0 0.14417613636363635 0.08304195804195805 0.03480113636363635 0.036713286713286726
0 0.5770596590909091 0.23314793613466175 0.026988636363636475 0.03583916083916078
0 0.578623670212766 0.6168166939443535 0.022938829787233956 0.02986906710310966
0 0.13198138297872342 0.492430441898527 0.02460106382978724 0.039689034369885384
0 0.11347909998117114 0.30441898527004907 0.02593085106382981 0.0417348608837971
0 0.7330386083333335 0.957570971153846 0.10392278333333309 0.08588369871794874
0 0.0607477 0.19310399999999997 0.0253341 0.03037259999999999
0 0.0981608 0.0654887 0.0347212 0.03917390000000001
