0 0.355 0.37115384615384617 0.03625 0.04230769230769226
0 0.4803125 0.6634615384615384 0.03812499999999993 0.050000000000000086
0 0.3909375 0.42653846153846153 0.034375 0.03923076923076923
0 0.58138671875 0.6028525641025643 0.04621093749999993 0.06993589743589741
0 0.5841946138211382 0.731535334584115 0.04604166666666657 0.05412757973733593
0 0.43073567708333327 0.7336378205128206 0.04022135416666664 0.050352564102564216
0 0.5328125 0.6592307692307692 0.04062499999999993 0.052307692307692395
0 0.4284375 0.35192307692307695 0.063125 0.06538461538461535
0 0.43169921875 0.5814262820512821 0.06563802083333328 0.08394230769230787
0 0.293125 0.4026923076923077 0.040000000000000036 0.04384615384615385
0 0.08807291666666668 0.22945512820512823 0.038750000000000034 0.03923076923076923
0 0.235625 0.22192307692307692 0.041249999999999926 0.045384615384615384
0 0.4146875 0.4765384615384615 0.033125 0.03769230769230769
0 0.394375 0.2926923076923077 0.05500000000000007 0.054615384615384614
0 0.365625 0.695 0.04500000000000007 0.04384615384615393
0 0.53375 0.8211538461538461 0.03875000000000007 0.040769230769230766
0 0.658125 0.8288461538461539 0.03624999999999986 0.04076923076923059
0 0.240625 0.34 0.04875 0.047692307692307735
0 0.701875 0.7984615384615384 0.03375 0.04153846153846154
0 0.519375 0.5142307692307693 0.05750000000000007 0.05307692307692299
0 0.7046875 0.8838461538461538 0.054375 0.06769230769230769
0 0.355 0.25038461538461537 0.03625 0.03923076923076919
0 0.9007843137254901 0.6863197586726999 0.06607843137254918 0.05571644042232274
0 0.4807877604166667 0.8662820512820515 0.04167968749999993 0.08314102564102575
0 0.500625 0.7465384615384615 0.03875 0.05461538461538453
0 0.2622200520833334 0.6575 0.05694010416666675 0.08884615384615376
0 0.2604762131605691 0.8687820512820513 0.049153645833333356 0.06371794871794884
0 0.5246875 0.588076923076923 0.03937499999999993 0.04076923076923068
0 0.448125 0.4280769230769231 0.03875 0.04846153846153846
0 0.75875 0.82 0.037500000000000144 0.04153846153846154
0 0.14583984374999998 0.23080128205128206 0.022799479166666626 0.030512820512820484
0 0.10741590647030815 0.18668634953226887 0.03597801937645686 0.047163573605881304
0 0.12980058117122553 0.12849241253980875 0.04238998810002677 0.04662307144863304
0 0.13479407961829837 0.065791980455442 0.05007329909673658 0.07194168011475705
0 0.2002334555688214 0.11203461953930997 0.03347617829325152 0.042347271240329415
0 0.17307692307692307 0.1670252824098978 0.022727272727272697 0.03281334050564821
0 0.21153846153846154 0.1750941366325982 0.039335664335664336 0.04142011834319526
0 0.17802605488169645 0.022335495937010574 0.035540810590589264 0.04110164257117966
0 0.25983391608391604 0.10220548682087145 0.028409090909090898 0.03335126412049488
0 0.25033359288676105 0.050789706738771985 0.025562299518328294 0.05518348511030615
0 0.4001651256200608 0.15540969935317964 0.04480122741841498 0.0480376994800072
0 0.34355423222610726 0.20839497041420119 0.03627622377622373 0.04088219472834855
0 0.2888986013986014 0.20199031737493275 0.03933566433566437 0.04034427111350187
0 0.31905594405594406 0.2716514254975793 0.031468531468531465 0.032275416890801475
0 0.33763111888111896 0.3154922001075847 0.032779720279720335 0.041420118343195284
0 0.30470926431292283 0.34293942455293297 0.0319055944055944 0.03388918773534158
0 0.222465034965035 0.2880580957504034 0.041958041958042 0.0424959655728887
0 0.18244751469313208 0.27166611726297474 0.037543995003979765 0.0520398730412802
0 0.04595201007380219 0.28633803666733454 0.05342118310442816 0.05646714117439899
0 0.12655965564320387 0.32580283793876025 0.02617756371359226 0.04070201643017181
0 0.06127407451258979 0.375125229967759 0.03802095666587735 0.04524672580557024
0 0.10436893203883496 0.37191934279312916 0.03762135922330099 0.037341299477221854
0 0.18341310636445257 0.38144611771920556 0.04963402609223303 0.05957493154095084
0 0.060314585861650484 0.43414099072842866 0.0401781199433657 0.049088249937764464
0 0.0894845724527218 0.45808988974087067 0.047656871354719 0.04692215922995362
0 0.0696314345671521 0.5267923823749066 0.04498192253236246 0.05538959422454573
0 0.024613167475728157 0.4860748070699527 0.03398058252427185 0.032860343539955116
0 0.012514474615695785 0.35436115260144385 0.025101259101941734 0.04929051530993276
0 0.01476695236650486 0.29554082648742847 0.0271067202669903 0.05635424446104065
0 0.17384708737864077 0.48581030619865573 0.04065533980582524 0.044062733383121805
0 0.20157224327097636 0.4422333132965384 0.025717302075933438 0.02860404257515326
0 0.24514563106796117 0.4630321135175504 0.04854368932038835 0.052277819268110585
0 0.25485436893203883 0.5227704132437143 0.02791262135922331 0.038088125466766244
0 0.13319174757281554 0.5294996265870052 0.04672330097087381 0.04779686333084389
0 0.08255745600728154 0.6248988673139159 0.03735904631877021 0.045074060243963196
0 0.012918082524271846 0.636722927557879 0.02616383495145631 0.052092606422703684
0 0.11594072360436894 0.7344216766243465 0.053925844457928813 0.08404126213592235
0 0.18163588440533981 0.657179642768235 0.06836885618932044 0.06865353497635064
0 0.20449029126213591 0.580283793876027 0.0533980582524272 0.04929051530993276
0 0.0723462151092233 0.6891103435399553 0.030437778114886724 0.02722803086880757
0 0.04879611650485437 0.7721762509335325 0.025485436893203876 0.03734129947722172
0 0.06349652695556082 0.8402490634316351 0.03865735259294341 0.04432989064767438
0 0.12196601941747573 0.8345780433159073 0.03398058252427189 0.030619865571321986
0 0.15995244297103162 0.8854289999210672 0.02968860999289607 0.04402630284704663
0 0.14675542547115933 0.966258291965031 0.04564356082238721 0.06182730747265291
0 0.0737257281553398 0.9667662434652726 0.026092233009708712 0.03211351755041086
0 0.325244298644822 0.7661928989295492 0.05869172228964402 0.1061037465770471
0 0.2487864077669903 0.7677371172516804 0.03640776699029125 0.03734129947722172
0 0.35740291262135926 0.8114264376400299 0.023058252427184556 0.03659447348767746
0 0.4293082524271844 0.8834951456310679 0.023665048543689338 0.03286034353995529
0 0.3775985396193465 0.9317205421167355 0.04256714840358356 0.09778468187034378
0 0.5284704313309061 0.9643001618122977 0.030949762338187838 0.04415608663181484
0 0.6062857124797735 0.9692089868060743 0.03156920004045304 0.03594100074682606
0 0.4496406629247573 0.7844279001742595 0.03886971581715216 0.04011855862584036
0 0.33070388349514557 0.6460044809559372 0.023058252427184484 0.03286034353995529
0 0.36693308808656966 0.5902648120487927 0.037618198826860835 0.06786781179985059
0 0.3719217738673139 0.5047376773711725 0.03883495145631066 0.04256908140403285
0 0.48695388349514557 0.4156086631814787 0.03822815533980581 0.047050037341299415
0 0.5291878413228155 0.37325740602439633 0.03732744235436904 0.04835698282300235
0 0.5451320413632686 0.4562717824246951 0.06533487560679596 0.08905899925317429
0 0.6447224539846279 0.524878640776699 0.05886238369741108 0.0848581030619866
0 0.6959951456310679 0.6004480955937267 0.04854368932038838 0.050784167289021714
0 0.7193567961165048 0.6609410007468259 0.030946601941747646 0.032860343539955025
0 0.7590245120347896 0.6103357605177994 0.06593535093042106 0.07099514563106796
0 0.712134950179456 0.48924906307447286 0.06353497768986842 0.05089524470783973
0 0.5930626137742718 0.6613260828976849 0.04629664745145632 0.041129885486681485
0 0.6345977385744732 0.7582894648961427 0.025519970005525323 0.029387299100772785
0 0.6053555923908753 0.7835054676162895 0.031553398058252496 0.040328603435400075
0 0.752801691444175 0.9685438449091361 0.04322474211165059 0.058104617874035355
0 0.7471951481593851 0.8929588312173263 0.04011491201456309 0.04421054269355269
0 0.8027233136124596 0.9197784416231017 0.0540585811084145 0.105955937266617
0 0.8870396231915096 0.9136070597021483 0.05036928302874543 0.07436959100294328
0 0.7918989558050162 0.7744818894697535 0.034040630056634456 0.05199775952203149
0 0.8212985436893203 0.7494398805078416 0.03701456310679589 0.05003734129947719
0 0.31750279301844775 0.5006053043648463 0.0339162889631044 0.0567381092190253
0 0.2573950381679389 0.17674691720493246 0.026240458015267195 0.04345273047563121
0 0.9475296082173327 0.9840808607647404 0.03482824427480921 0.031708749266001104
0 0.2268718690362595 0.8410066793893128 0.04169897026081429 0.045550743785476626
0 0.18201854463989378 0.7539827414537007 0.042938931297709926 0.05754550792718734
0 0.12347470238095237 0.5804945054945054 0.04241071428571431 0.039010989010988796
0 0.7584635416666667 0.6770833333333334 0.033203125 0.04326923076923077
0 0.45670572916666674 0.9671474358974359 0.041666666666666644 0.0625
0 0.2911423764749263 0.03505431699568868 0.029296875000000108 0.044070512820512824
0 0.3286213211558771 0.07496960756525294 0.04880795999262538 0.06488966417063759
0 0.3453537855691057 0.1379182301438399 0.05143229166666654 0.06249999999999996
0 0.10259066946138208 0.14277478111319575 0.03363979928861793 0.0384029080675422
0 0.634246 0.610924 0.030933200000000056 0.03791060000000007
0 0.0809736 0.9137419999999999 0.0394621 0.050977499999999926
0 0.529572 0.37199361538461545 0.03966680000000004 0.04823760000000002
0 0.827192 0.792435 0.026879500000000008 0.03454099999999996
0 0.466269 0.47879 0.029666600000000046 0.033843599999999974
0 0.8037119999999999 0.505475 0.023369900000000145 0.029805800000000143
0 0.8775720000000001 0.97999 0.031871800000000124 0.03739089999999998
0 0.41450599999999993 0.67869 0.024658100000000047 0.031078299999999916
0 0.6735669999999999 0.642659 0.022310800000000058 0.02732730000000008
0 0.847406 0.375264358974359 0.025937899999999986 0.029629299999999935
0 0.9204009999999999 0.967507 0.0300394 0.045166700000000115
0 0.17338500000000004 0.0570327 0.02972529999999999 0.039183800000000005
0 0.221003 0.9821270000000001 0.034257899999999994 0.03481869999999967
0 0.732542 0.757272 0.03838359999999994 0.04113940000000009
0 0.882909 0.36129 0.02340429999999998 0.026147600000000073
0 0.643505 0.660898 0.026904699999999976 0.039533399999999996
0 0.651918 0.9354670000000002 0.025550800000000037 0.04795630000000039
0 0.9507079999999999 0.209959 0.022059899999999858 0.02604570000000002
0 0.0136631 0.542191 0.0273262 0.05561379999999994
0 0.49620999999999993 0.566095 0.02501560000000012 0.03289830000000008
0 0.865674 0.296507 0.0206565999999998 0.02250499999999997
0 0.013412187195121952 0.4259086189493433 0.028053674390243907 0.044993268667917447
0 0.00846651 0.777172 0.016766700000000002 0.04449070000000015
0 0.9847870000000001 0.443649 0.019776900000000097 0.02241559999999997
0 0.8070683026315791 0.8364223922064777 0.0371791842105263 0.043754405870445226
0 0.856968 0.793212 0.026036500000000018 0.0354072
0 0.34896199999999994 0.435724 0.027861900000000047 0.03443580000000006
0 0.8760008695652174 0.8359748908862876 0.03672108695652156 0.04544152257525096
0 0.20907079646017698 0.028931245745405034 0.0420353982300885 0.05513955071477194
0 0.2643805309734513 0.03369639210347175 0.02765486725663713 0.051055139550714786
