0 0.5915625 0.6626923076923077 0.035625 0.04692307692307692
0 0.55125 0.6792307692307692 0.04125 0.047692307692307694
0 0.6130665887850467 0.7275988497483824 0.03136682242990659 0.029417685118619637
0 0.28305607476635514 0.7255039539899352 0.023887850467289695 0.02960747663551405
0 0.024960526315789475 0.23279352226720648 0.04166666666666667 0.044534412955465584
0 0.01863486842105263 0.2850580296896087 0.03773026315789474 0.05265317139001358
0 0.035320175438596495 0.16392982456140348 0.019359649122807014 0.04137112010796222
0 0.017543859649122806 0.5621187584345478 0.027412280701754388 0.041916329284750434
0 0.14836622807017544 0.47090418353576247 0.03576754385964913 0.0335762483130905
0 0.19096491228070175 0.5255398110661269 0.025570175438596507 0.03353576248313096
0 0.5104166666666665 0.7621457489878541 0.024122807017543907 0.029014844804318395
0 0.7283802816901408 0.974967497291441 0.07823943661971838 0.04852654387865641
