0 0.24375 0.4411538461538462 0.05750000000000007 0.05
0 0.57375 0.5157692307692308 0.060000000000000074 0.06076923076923068
0 0.236875 0.9484615384615385 0.03625 0.04
0 0.3971875 0.29115384615384615 0.041875 0.057692307692307696
0 0.1546875 0.46384615384615385 0.059375 0.06461538461538462
0 0.560625 0.7361538461538462 0.05875000000000007 0.06923076923076923
0 0.6384375 0.09461538461538462 0.05312500000000007 0.05846153846153846
0 0.138125 0.07307692307692308 0.045 0.0476923076923077
0 0.4446875 0.6773076923076923 0.043125 0.04076923076923068
0 0.39125 0.8011538461538461 0.05500000000000007 0.07000000000000009
0 0.6215625 0.5892307692307692 0.054375 0.05692307692307692
0 0.4559375 0.1476923076923077 0.043125 0.055384615384615386
0 0.7482347972972972 0.10275121275121275 0.049701576576576374 0.04536382536382535
0 0.5280686936936937 0.3235343035343035 0.05875 0.0661538461538461
0 0.253125 0.5915384615384616 0.05 0.055384615384615386
0 0.609375 0.18076923076923077 0.04750000000000014 0.046153846153846156
0 0.1909375 0.7019993069993069 0.060625 0.06384615384615393
0 0.7663006756756755 0.028066528066528065 0.0451013513513513 0.05613305613305613
0 0.51625 0.8173076923076923 0.04499999999999993 0.04846153846153846
0 0.24875 0.8926923076923077 0.04 0.03923076923076923
0 0.5396593468468468 0.20246361746361746 0.05243806306306304 0.09541926541926538
0 0.4684375 0.47192307692307695 0.055625 0.05615384615384607
0 0.48375 0.7315384615384616 0.055 0.04307692307692299
0 0.17125 0.2723076923076923 0.03999999999999998 0.03230769230769222
0 0.175625 0.33807692307692305 0.03875 0.03769230769230769
0 0.4509375 0.805 0.044375 0.05153846153846145
0 0.134802927927928 0.7743035343035343 0.05125000000000005 0.055384615384615386
0 0.1846875 0.8919230769230769 0.049375 0.04230769230769231
0 0.4409375 0.3842307692307692 0.048125 0.045384615384615384
0 0.3046875 0.11115384615384616 0.04437500000000003 0.0730769230769231
0 0.831998873873874 0.176992376992377 0.0425 0.03692307692307695
0 0.301875 0.8111538461538461 0.04874999999999997 0.03923076923076923
0 0.8651379504504504 0.07135135135135134 0.05350788288288286 0.05549549549549549
0 0.368125 0.9542307692307692 0.0375 0.03461538461538462
0 0.3215625 0.7742307692307693 0.03312499999999993 0.03153846153846145
0 0.6025619369369369 0.6586902286902286 0.04000000000000007 0.033846153846153935
0 0.45375 0.2753846153846154 0.03874999999999993 0.05230769230769226
0 0.32536036036036037 0.4348787248787249 0.05536036036036027 0.0366874566874567
0 0.0165625 0.1596153846153846 0.033125 0.031538461538461515
0 0.6496762387387388 0.02294525294525294 0.04186373873873855 0.047124047124047115
0 0.20125 0.8376923076923077 0.03625 0.03230769230769231
0 0.1465625 0.9203846153846154 0.044374999999999984 0.03923076923076923
0 0.3284375 0.4796153846153846 0.03437500000000004 0.02846153846153846
0 0.4093158783783784 0.608000693000693 0.051875 0.05307692307692299
0 0.3365625 0.8730769230769231 0.033125 0.047692307692307694
0 0.03055743243243243 0.5824982674982675 0.04361486486486486 0.05884268884268872
0 0.386875 0.8934615384615384 0.04500000000000007 0.04230769230769231
0 0.41875 0.2076923076923077 0.0425 0.043076923076923054
0 0.6544960585585585 0.4923735273735273 0.050242117117117006 0.047823977823977744
0 0.21625 0.5161538461538462 0.0425 0.04153846153846154
0 0.6875 0.18692307692307691 0.03875 0.038461538461538464
0 0.5859375 0.36923076923076925 0.055625 0.06307692307692303
0 0.2365625 0.30923076923076925 0.054375 0.08153846153846159
0 0.31339285714285714 0.5848901098901098 0.02589285714285715 0.054395604395604445
0 0.35054295366795357 0.6154217404217404 0.04215733590733592 0.0692258192258192
0 0.5137588481338482 0.6241931491931492 0.0625723938223939 0.06831501831501827
0 0.5049207689832689 0.5671888921888921 0.03794642857142854 0.04450549450549462
0 0.4136160714285714 0.7156593406593406 0.03080357142857139 0.041208791208791284
0 0.25596243564993565 0.6596129096129095 0.03424629987129986 0.033511533511533395
0 0.23772321428571427 0.8098901098901098 0.021875 0.030769230769230944
0 0.2841517857142857 0.9615384615384616 0.02633928571428566 0.036263736263736066
0 0.3176339285714285 0.9326923076923077 0.029017857142857116 0.028021978021977947
0 0.4657778314028313 0.9630383130383129 0.047047940797940696 0.06837936837936817
0 0.5341089765613071 0.8825686414669466 0.0372466216216219 0.07459162459162459
0 0.5203969594594594 0.9465671715671715 0.047043918918918945 0.045881595881595995
0 0.5921754343629343 0.9108702108702108 0.04875723938223949 0.07430947430947421
0 0.6617800836550836 0.7518488268488268 0.07283622908622917 0.09851994851994854
0 0.17031249999999998 0.9810439560439559 0.029017857142857137 0.03131868131868137
0 0.17679576898326899 0.6008860508860507 0.02098214285714281 0.029670329670329572
0 0.35825892857142855 0.36675824175824173 0.021875 0.025824175824175854
0 0.24405365186615186 0.22527720027720027 0.04792873230373232 0.04286209286209284
0 0.18794642857142854 0.19505494505494506 0.032142857142857154 0.03626373626373624
0 0.20503137065637062 0.17549500049500047 0.03475707850707852 0.02877437877437877
0 0.11989422458172459 0.6792297792297791 0.03498632561132558 0.05664785664785654
0 0.25389317889317886 0.724039699039699 0.02599742599742594 0.032170082170082076
0 0.5562037483912483 0.04694337194337194 0.05088079150579162 0.08906543906543905
0 0.6883928571428569 0.3651098901098901 0.06964285714285708 0.10164835164835162
0 0.7669884169884169 0.1949212949212949 0.026833976833976862 0.04258984258984257
0 0.7727678571428571 0.25412087912087905 0.03214285714285722 0.030219780219780213
0 0.8296875 0.317032967032967 0.03169642857142847 0.04285714285714282
0 0.8075249356499355 0.40506138006138004 0.056121299871299615 0.07276012276012282
0 0.7420608108108107 0.4642857142857142 0.03303571428571416 0.03956043956043948
0 0.727260296010296 0.5040119790119789 0.0330920205920205 0.05088110088110083
0 0.7839265604890605 0.49294871794871786 0.031245978120977895 0.039743589743589804
0 0.8978965572715571 0.5246287496287496 0.060625804375804365 0.07236412236412233
0 0.6626930501930502 0.6633650133650134 0.04623552123552116 0.05788535788535796
0 0.68949083011583 0.5998019998019998 0.06696428571428584 0.09076329076329068
0 0.7359576093951092 0.6523487773487774 0.05736406048906048 0.06605781605781606
0 0.7645129504504504 0.6022349272349272 0.05655968468468444 0.06787941787941779
0 0.803786599099099 0.5526334026334027 0.03882319819819827 0.043728343728343784
0 0.8519144144144144 0.6084546084546084 0.10247747747747724 0.09286209286209283
0 0.889360119047619 0.4311751311751311 0.06587435649935643 0.057954657954657984
0 0.8412946428571427 0.26401098901098896 0.05580357142857139 0.06428571428571428
0 0.926029601029601 0.22536135036135035 0.03420205920205916 0.04962379962379963
0 0.48387635516872807 0.24236818304614915 0.027742785158039282 0.04610216474623249
0 0.9639830508474577 0.31323337679269886 0.06885593220338962 0.07627118644067798
0 0.09165783430489313 0.579185520361991 0.03431372549019606 0.03619909502262457
0 0.06275393040098923 0.6628891334773688 0.03890655361243598 0.04774910657263586
0 0.06740196078431372 0.29386626445449976 0.04820261437908496 0.06385118149824034
0 0.1053921568627451 0.27124183006535946 0.02450980392156861 0.028657616892911006
0 0.40458776595744683 0.9603109656301145 0.03324468085106382 0.06464811783960718
0 0.11086126711126709 0.8484128484128483 0.035034222534222524 0.05646605646605639
0 0.08368616181116181 0.9320206820206819 0.05334839709839709 0.06388656388656377
0 0.05965909090909092 0.981018981018981 0.03165584415584417 0.033966033966033905
0 0.818975225225225 0.11607761607761607 0.02984234234234222 0.045045045045045036
0 0.3091216216216216 0.2678447678447678 0.016891891891891896 0.029799029799029795
0 0.13034909909909909 0.11988911988911989 0.019707207207207204 0.03187803187803188
0 0.03237612612612612 0.22002772002771998 0.034346846846846836 0.045045045045045
0 0.61125 0.4366153846153846 0.0354999999999999 0.033846153846153845
0 0.024519230769230772 0.9038461538461539 0.03076923076923077 0.03727810650887582
0 0.1064903846153846 0.23639053254437867 0.028365384615384636 0.023076923076923078
0 0.014626162066321639 0.10778741097890032 0.0259278560475369 0.03390542752244879
0 0.9622747747747746 0.0641025641025641 0.031531531531531695 0.0395010395010395
0 0.9515765765765763 0.5135135135135135 0.041666666666666574 0.05128205128205134
0 0.9642454954954954 0.457033957033957 0.06925675675675677 0.07415107415107408
0 0.16405700000000004 0.535097 0.03574600000000002 0.03803559999999991
0 0.062335025 0.7606969442307692 0.06657995 0.10168303461538446
0 0.9141059999999999 0.0141761 0.057974800000000076 0.0283523
0 0.0826412 0.8861915384615384 0.022330700000000016 0.026257500000000128
0 0.629878 0.8166341538461536 0.050041599999999915 0.05302760000000035
0 0.014253599999999995 0.6791562307692308 0.0297288 0.06184550000000006
0 0.987039 0.225278 0.025922800000000024 0.04301399999999997
0 0.2829322711864407 0.8571842333767924 0.0326923 0.04689490000000013
0 0.672903 0.8331079230769232 0.03928629999999998 0.04184709999999996
0 0.417053 0.9160560000000001 0.027026699999999976 0.037959000000000395
0 0.011103299999999998 0.780779 0.0218851 0.05508050000000008
0 0.018165 0.9883814615384615 0.03136800000000001 0.024230500000000155
0 0.09543029491525423 0.4004734380704041 0.0703026 0.10483599999999993
0 0.06973900000000001 0.09215190000000001 0.052865199999999994 0.060687299999999986
0 0.088344 0.149434 0.03854119999999999 0.0511444
0 0.028748700000000002 0.015995300000000004 0.0399556 0.031990500000000005
0 0.35975632203389835 0.1972167809647979 0.023126199999999954 0.042497800000000044
0 0.03297735974576271 0.9386884569100392 0.02620629745762712 0.026143294784876443
