0 0.13778846153846153 0.8911242603550297 0.06057692307692306 0.09822485207100622
0 0.11370689998407385 0.26625932595832263 0.06787605510431605 0.10293285310007713
0 0.15019509476031212 0.24285224251779433 0.07279821627647717 0.06724980704913815
0 0.14872143255295428 0.1515821970671469 0.06668756967670011 0.07810650887573961
0 0.04484203296703296 0.30917441532826145 0.08031593406593408 0.059599887292194904
0 0.035388049450549436 0.37280078895463514 0.07089056776556778 0.05952662721893489
0 0.42619690702555857 0.04351534377463503 0.06684775898259061 0.08237294252851729
0 0.013622541407867483 0.5021253384296862 0.028008540372670823 0.04591654722089507
0 0.05892857142857141 0.9434065934065935 0.06964285714285712 0.09010989010988991
0 0.3420106935817806 0.1356808021978022 0.04018410000000003 0.0645405
