0 0.5196875 0.7456410256410256 0.044375000000000074 0.055384615384615296
0 0.4725 0.9646153846153847 0.04625 0.06923076923076923
0 0.6514102564102564 0.5960157790927022 0.08551282051282058 0.08078895463510863
0 0.42781556873977084 0.3670590457006169 0.07588481996726677 0.10712577111922446
0 0.49528846153846146 0.2507297830374754 0.0528846153846154 0.0603550295857989
0 0.4731089743589745 0.1767258382642998 0.0371153846153846 0.07218934911242607
0 0.40036057692307686 0.07986906710310966 0.04834799509001641 0.13813420621931255
0 0.5531019844517185 0.08719627344831928 0.09525879705400975 0.12347979352889332
0 0.6156410256410257 0.19278106508875736 0.03538461538461533 0.07084812623274163
0 0.5692628205128204 0.24911242603550302 0.047115384615384455 0.03313609467455627
0 0.6519230769230768 0.2242603550295858 0.05769230769230767 0.08520710059171596
0 0.6262556260229133 0.3604179780939192 0.06996215220949238 0.07785471484325823
0 0.7593269230769231 0.40942800788954636 0.05134615384615387 0.07447731755424071
0 0.8092948717948718 0.5178698224852072 0.07974358974358978 0.08528599605522677
0 0.9278048281505729 0.451337865625918 0.08272367703218776 0.07681144823534361
0 0.8153846153846155 0.3485207100591716 0.09230769230769255 0.1301775147928994
0 0.9603745567375888 0.351000041965672 0.07800088652482245 0.06107683914557894
0 0.9507615589198036 0.21765453858743547 0.09722688216039302 0.11238323051743676
0 0.8422756410256411 0.1821301775147929 0.05378205128205124 0.06958579881656804
0 0.7819481382978722 0.06519576986025431 0.07107712765957444 0.0758277728817827
0 0.9402243589743591 0.07108481262327415 0.07455128205128218 0.11936883629191324
0 0.28509615384615383 0.2568047337278106 0.041346153846153796 0.07218934911242605
0 0.26302611838516093 0.3720911494397583 0.08061442989634482 0.10812539342817572
0 0.17061119067103106 0.39121406689328136 0.07071910801963995 0.1108397330983256
0 0.06256393207855976 0.3258340677325947 0.09362213584288057 0.11919929497670903
0 0.3891980360065466 0.9425406017877378 0.07692307692307686 0.10295857988165678
0 0.4846153846153846 0.8289940828402367 0.0365384615384616 0.07810650887573957
0 0.6880830605564648 0.9070754123127279 0.051923076923076794 0.06390532544378683
0 0.7031096563011456 0.8044567543749213 0.04038461538461547 0.0603550295857989
0 0.5208254909983634 0.9638002014352259 0.04584901800327337 0.07086113559108648
0 0.5175 0.8416962524654832 0.03500000000000007 0.09404339250493089
0 0.570752352700491 0.35128414956565535 0.037351677577741424 0.056842502832682794
0 0.18028846153846154 0.14942800788954624 0.07980769230769232 0.10295857988165673
0 0.2887632978723404 0.03302540365730832 0.047473404255319096 0.0673626542238449
0 0.10937159028914348 0.7360682361828024 0.04125681942171305 0.04273532250619024
0 0.06738202400436442 0.9452969071299676 0.08856928532460451 0.1022266985605774
0 0.012885126841243853 0.8359981535104285 0.025896412984178937 0.05620882118427132
0 0.15797207446808512 0.033731587561374794 0.055722517730496544 0.06894708128750682
0 0.3198491 0.7973815923076923 0.04530180000000002 0.09446758461538463
0 0.6869116583333335 0.5282840211538461 0.0695100166666667 0.0480473423076924
