0 0.5096875 0.55 0.049374999999999926 0.04307692307692299
0 0.27570512820512816 0.6848126232741617 0.03192307692307697 0.040631163708086955
0 0.42586538461538465 0.5441420118343195 0.07826923076923066 0.09017751479289945
0 0.4332051282051282 0.7141222879684418 0.09858974358974372 0.13585798816568048
0 0.34006410256410263 0.7378698224852072 0.07987179487179485 0.1150295857988164
0 0.44628205128205123 0.8818145956607497 0.15410256410256395 0.14714003944773157
0 0.5598397435897435 0.5955029585798817 0.07365384615384649 0.051045364891518744
0 0.6793269230769231 0.6544378698224852 0.0759615384615384 0.07928994082840246
0 0.735128205128205 0.7562524654832347 0.09141025641025663 0.11723865877712036
0 0.7377564102564103 0.9120315581854042 0.09282051282051285 0.10927021696252442
0 0.7146794871794873 0.6036686390532545 0.06397435897435884 0.0429191321499014
0 0.8144551282051282 0.574043392504931 0.05775641025641036 0.06524654832347149
0 0.8978846153846152 0.5091518737672583 0.05923076923076934 0.051439842209073015
0 0.9182692307692306 0.5763313609467456 0.075 0.03905325443786987
0 0.8447115384615383 0.32899408284023673 0.07980769230769226 0.041420118343195284
0 0.7803846153846153 0.2185404339250493 0.04615384615384613 0.05088757396449707
0 0.9493269230769232 0.25226824457593683 0.0896794871794873 0.08315581854043395
0 0.9359294871794873 0.39033530571992114 0.05647435897435912 0.055226824457593714
0 0.811698717948718 0.6573570019723866 0.08493589743589752 0.07092702169625253
0 0.8850961538461537 0.7615384615384615 0.05673076923076934 0.08284023668639057
0 0.8510256410256412 0.8668639053254438 0.07128205128205138 0.06627218934911246
0 0.8037820512820514 0.2777909270216963 0.04230769230769226 0.05088757396449702
0 0.5785714285714285 0.7901098901098901 0.04285714285714292 0.06263736263736273
0 0.9428215223097112 0.8528467595396728 0.07769028871391086 0.0799475065616798
0 0.9688968175853018 0.7682959822329901 0.0627936351706036 0.0668483747223904
0 0.800055 0.42679400000000006 0.03671760000000006 0.03154630000000006
0 0.863245 0.957619 0.08445279999999997 0.08476230000000004
0 0.9204769999999999 0.9774540000000002 0.04512559999999993 0.04509240000000003
0 0.4633846666666666 0.505414564102564 0.0356588 0.04979090000000016
0 0.611722 0.980565 0.051051900000000004 0.03886990000000004
0 0.960953 0.620048 0.07156170000000003 0.044778699999999914
0 0.956359 0.687248 0.07411450000000003 0.04784900000000002
0 0.5366251416666666 0.9612449217948715 0.09299971666666672 0.07392041282051283
0 0.727959 0.9795763589743589 0.039914500000000144 0.03879560000000013
