0 0.183125 0.21192307692307694 0.03625 0.040769230769230766
0 0.5478125 0.17576923076923076 0.05687500000000007 0.07461538461538457
0 0.5784375 0.4703846153846154 0.06062499999999993 0.07615384615384624
0 0.7669791666666665 0.6087179487179488 0.052708333333333426 0.12923076923076907
0 0.465625 0.235 0.0475 0.062307692307692265
0 0.6432692307692307 0.25798816568047334 0.0653846153846154 0.07928994082840234
0 0.4461538461538461 0.5126627218934912 0.02435897435897438 0.040315581854043436
0 0.4378205128205128 0.3446153846153846 0.046153846153846344 0.05325443786982244
0 0.7027884615384614 0.5051676528599607 0.07608974358974364 0.05325443786982253
0 0.6970192307692307 0.6191321499013807 0.06429487179487182 0.07558185404339235
0 0.8978525641025641 0.544457593688363 0.14929487179487155 0.15518737672583835
0 0.9617948717948718 0.7380670611439842 0.06974358974358992 0.11873767258382625
0 0.9246875 0.9342307692307692 0.149375 0.13
0 0.763301282051282 0.7732544378698224 0.10173076923076949 0.11605522682445762
0 0.7973717948717948 0.716094674556213 0.07358974358974393 0.0724260355029586
0 0.643205128205128 0.775069033530572 0.09038461538461526 0.1384615384615382
0 0.7217307692307692 0.9019329388560157 0.09153846153846161 0.11510848126232724
0 0.7005769230769232 0.9647337278106509 0.09217948717948729 0.06540433925049316
0 0.1132051282051282 0.43199211045364894 0.06025641025641026 0.05806706114398428
0 0.0278125 0.512948717948718 0.05604166666666664 0.07666666666666673
0 0.02556089743589743 0.3747140039447732 0.0519230769230769 0.05443786982248521
0 0.24147435897435898 0.14930966469428006 0.06371794871794875 0.0962524654832347
0 0.20916666666666664 0.9260355029585798 0.045 0.07510848126232758
0 0.41404313055248565 0.7690918850097961 0.02658853564299619 0.039052002338131525
0 0.30054487179487177 0.3213806706114399 0.04724358974358964 0.04749506903353051
0 0.28400641025641027 0.047268244575936876 0.0936538461538462 0.09520710059171598
0 0.18208333333333335 0.026341222879684413 0.037499999999999964 0.0529585798816568
0 0.6547115384615384 0.0670611439842209 0.05391025641025642 0.10485207100591717
0 0.07499999999999997 0.7021978021978023 0.04285714285714284 0.034065934065934105
0 0.0655952380952381 0.5915934065934065 0.033809523809523775 0.03835164835164846
0 0.5214880952380953 0.931117216117216 0.10535714285714291 0.12443223443223429
0 0.8464583333333333 0.7848534798534799 0.04208333333333343 0.04772893772893763
0 0.5090178571428572 0.036941391941391975 0.04196428571428562 0.07432234432234427
0 0.0759083 0.703322 0.0442008 0.03248089999999986
0 0.514964 0.523887 0.03698430000000002 0.039419600000000034
0 0.0661641 0.593035 0.03305890000000001 0.03799299999999999
0 0.5537047971014494 0.38917 0.05105690000000003 0.04550710000000016
0 0.016259500000000003 0.314803 0.03251890000000001 0.04087480000000002
0 0.20454799999999998 0.8112083455964325 0.03282889999999998 0.04859309999999989
0 0.4969839999999999 0.794694 0.027343000000000048 0.03912100000000001
0 0.81172 0.0411057 0.06139720000000011 0.0747206
0 0.7876079999999999 0.9443399999999998 0.04542810000000003 0.07131439999999989
0 0.327418 0.944331 0.04813460000000003 0.05291620000000001
0 0.24414233333333335 0.8508542307692306 0.04040060000000008 0.05665349999999972
0 0.42733739837398377 0.798311444652908 0.029471544715447207 0.08692933083176985
