0 0.423125 0.38884615384615384 0.04125 0.05615384615384615
0 0.5175774705173839 0.7479903974068574 0.12580396307482133 0.11624259823159631
0 0.5903125 0.6546153846153846 0.038125 0.04
0 0.4693208661417323 0.6360448213204118 0.06135826771653541 0.08829800121138699
0 0.2325 0.5576923076923077 0.053750000000000034 0.047692307692307694
0 0.5196875 0.9688461538461538 0.03812499999999993 0.05307692307692308
0 0.2159375 0.35 0.054375 0.056923076923076965
0 0.3553125 0.4096153846153846 0.03437500000000007 0.03923076923076923
0 0.32067307692307695 0.536094674556213 0.06634615384615383 0.10769230769230778
0 0.3817307692307692 0.47692307692307695 0.038461538461538394 0.0485207100591717
0 0.4879807692307692 0.4804733727810651 0.08942307692307694 0.07455621301775146
0 0.4725961538461537 0.5461538461538461 0.027884615384615473 0.044970414201183515
0 0.5231639915202907 0.5680915994968084 0.05504996971532407 0.05097609840190094
0 0.6084615384615384 0.46284023668639046 0.06307692307692307 0.08662721893491118
0 0.6335819200484555 0.558307319573219 0.053702301635372575 0.06691049713460372
0 0.642425045427014 0.688000279550855 0.05865384615384613 0.08129804780319616
0 0.7431723612920357 0.699324003908606 0.06331281166250434 0.05129930514379951
0 0.7067373551106428 0.6653218760032397 0.07282665964172835 0.06661652196612321
0 0.6974485160508783 0.7911801705260214 0.051923076923076794 0.06390532544378683
0 0.6280008795001784 0.8131699407518133 0.050505090314711724 0.07018277392313865
0 0.41907490340709513 0.9637251087514521 0.0745214260625221 0.06411985625895025
0 0.2769560063224447 0.8574572424414363 0.04197839831401485 0.059584988246737546
0 0.21490384615384614 0.6775147928994082 0.08749999999999997 0.10177514792899404
0 0.10707395247029394 0.6680463751383076 0.07751876172607887 0.04339442921056432
0 0.13810897435897432 0.9449704142011836 0.03557692307692305 0.05443786982248517
0 0.1346153846153846 0.619237985279261 0.03846153846153838 0.035502958579881595
0 0.1392338961851157 0.46298167123683065 0.0898655409631019 0.12531870880839008
0 0.21257035647279549 0.46160581132438544 0.04230769230769226 0.06508875739644963
0 0.1895925535651563 0.40788900597119776 0.04243589743589744 0.04717948717948717
0 0.018667917448405222 0.4677442632414489 0.036538461538461534 0.048520710059171614
0 0.08650875547217009 0.28272429884062156 0.0606003752345216 0.07505171501419153
0 0.15580128205128205 0.17558185404339252 0.041346153846153796 0.059171597633136105
0 0.20270258166491043 0.25218497203534085 0.047528451001053684 0.059691335008510926
0 0.24618589743589744 0.2463905325443787 0.06262820512820508 0.10516765285996053
0 0.274775641025641 0.21171597633136094 0.045192307692307775 0.0686390532544379
0 0.27560897435897436 0.07925049309664695 0.11378205128205131 0.15431952662721896
0 0.22436775553213906 0.11789738185944725 0.05192307692307693 0.07100591715976337
0 0.4095622585177379 0.12962443597849288 0.10382068844397616 0.0863781038069763
0 0.432948717948718 0.26717948717948714 0.08910256410256409 0.1189743589743589
0 0.36477564102564103 0.3214990138067061 0.04878205128205124 0.09033530571992107
0 0.29519230769230764 0.4331360946745562 0.04230769230769226 0.05798816568047344
0 0.2980769230769231 0.3390138067061144 0.05384615384615387 0.061459566074950615
0 0.5074098399959619 0.23478264921026887 0.05969955077730688 0.13595738402522162
0 0.5409641728134879 0.10250871362567886 0.024236037934668248 0.04998784145254114
0 0.5699512644889357 0.13081705438923563 0.03304267650158053 0.05238064359244552
0 0.7046794871794873 0.14915187376725839 0.07397435897435897 0.09246548323471399
0 0.5669404906117504 0.3069747938312445 0.0759615384615384 0.10769230769230774
0 0.6375 0.26568047337278106 0.026923076923076862 0.059171597633136126
0 0.6548076923076923 0.327810650887574 0.048076923076923135 0.05088757396449707
0 0.6098286392085605 0.37579959309820005 0.03867605491621262 0.05763158303436919
0 0.6986858974358978 0.46433925049309666 0.05096153846153854 0.052859960552268256
0 0.7494563900666265 0.5473183307707838 0.08608721986674737 0.10844026153535546
0 0.8191134161114475 0.4466733448259797 0.07929285281647509 0.08060848902762884
0 0.821153846153846 0.5863905325443788 0.02884615384615387 0.04260355029585797
0 0.8580822228952151 0.6079648697758934 0.0298985463355541 0.0632949727437915
0 0.9611901877649908 0.40967944835297954 0.05891883706844339 0.0891813819130597
0 0.7945121643448414 0.3362704809827766 0.0776423379769838 0.0731000636754725
0 0.7535432033719707 0.22043851827834968 0.0870916754478398 0.11971305827997093
0 0.7944340533895329 0.12140850017562348 0.08578942746750969 0.09016508605549702
0 0.875801282051282 0.2158579881656805 0.056730769230769196 0.05562130177514796
0 0.879102564102564 0.2989743589743589 0.07679487179487168 0.053333333333333316
0 0.9580897940642035 0.3205586357918278 0.03854482132041198 0.05300750128127473
0 0.9608974358974359 0.03911242603550296 0.0665384615384616 0.07869822485207102
0 0.9029471544715447 0.6697936210131332 0.025406504065040567 0.02376485303314579
0 0.10689664773360065 0.1924361972808348 0.04305601960129188 0.04505384358374672
0 0.16776422764227647 0.024527829893683552 0.03861788617886182 0.045653533458411506
0 0.0788288 0.740444 0.0453138 0.04397859999999993
0 0.0213049 0.657138 0.0426098 0.059466300000000014
0 0.6235653150684932 0.16603729610115917 0.03994889999999998 0.06244340000000005
0 0.3522454452054795 0.8284692432824026 0.07461869863013688 0.1049160972075871
0 0.94194 0.49231300000000006 0.034948699999999916 0.03782479999999999
0 0.4228183333333334 0.8699933589743589 0.06652939999999993 0.10016300000000002
0 0.426238 0.54735 0.028578899999999977 0.03697789999999985
0 0.889135 0.366136 0.07073779999999999 0.07764240000000003
0 0.9787449817351596 0.22064204495960657 0.04334370000000007 0.04829450000000004
0 0.8337379999999999 0.180398 0.05254010000000008 0.061408400000000016
0 0.11248475000000001 0.10370290384615387 0.14003049999999997 0.14028649999999998
0 0.9104665936073062 0.13456654017386724 0.07632708675799066 0.10178367413066387
0 0.2547089041095891 0.9752370916754479 0.03681506849315063 0.045310853530031635
0 0.1737132352941176 0.09106334841628959 0.04044117647058819 0.06900452488687782
