0 0.350801282051282 0.3304930966469428 0.06506410256410267 0.11542406311637081
0 0.13201923076923078 0.32 0.07262820512820511 0.0871794871794872
0 0.049358974358974364 0.25238658777120315 0.07461538461538464 0.11573964497041411
0 0.21894230769230766 0.26 0.09044871794871795 0.11487179487179482
0 0.2238782051282052 0.13005917159763314 0.06057692307692306 0.10193293885601581
0 0.11423076923076923 0.08138067061143985 0.09153846153846153 0.12544378698224853
0 0.2967948717948718 0.14615384615384616 0.06474358974358971 0.12307692307692308
0 0.3574038461538461 0.2026824457593688 0.061858974358974306 0.10437869822485209
0 0.4413461538461539 0.2577909270216962 0.04897435897435898 0.09467455621301772
0 0.49535256410256406 0.07923076923076923 0.049294871794871895 0.15641025641025644
0 0.36201923076923065 0.04126232741617356 0.07019230769230773 0.08165680473372781
0 0.564551282051282 0.03830374753451677 0.061538461538461535 0.07810650887573964
0 0.4382371794871795 0.05012820512820513 0.04352564102564102 0.1017948717948718
0 0.5273076923076923 0.39297830374753456 0.052051282051281976 0.060197238658777005
0 0.5398076923076922 0.739723865877712 0.03538461538461533 0.07234714003944777
0 0.6403205128205128 0.6844575936883629 0.06769230769230773 0.10698224852071016
0 0.7496474358974359 0.871439842209073 0.04403846153846175 0.07147928994082821
0 0.6581730769230769 0.5923076923076923 0.0836538461538462 0.05207100591715962
0 0.6527992277992278 0.015096525096525126 0.04744208494208493 0.031137511137511075
0 0.5629464285714285 0.9598901098901099 0.04910714285714299 0.07032967032967043
0 0.29041666666666666 0.35846153846153844 0.040833333333333395 0.0738461538461539
0 0.5480800000000001 0.537024 0.042738600000000064 0.039096500000000034
