0 0.4910416666666667 0.7626923076923077 0.11125000000000007 0.12897435897435885
0 0.5909375 0.5788461538461539 0.049375 0.06384615384615393
0 0.2100961538461538 0.4212228796844182 0.09647435897435909 0.10627218934911249
0 0.33910256410256406 0.44461538461538463 0.03846153846153843 0.06564102564102567
0 0.3409294871794872 0.5629191321499014 0.08314102564102566 0.12852071005917162
0 0.4973076923076923 0.661025641025641 0.11538461538461534 0.10256410256410269
0 0.6277564102564103 0.79534516765286 0.07884615384615401 0.12189349112426044
0 0.4317307692307692 0.5266272189349112 0.036538461538461464 0.03668639053254433
0 0.24400641025641023 0.6145562130177514 0.09698717948717955 0.14422090729783044
0 0.33657051282051287 0.9279191321499012 0.12685897435897442 0.142623274161736
0 0.10310897435897434 0.7190927021696253 0.10044871794871796 0.11976331360946749
0 0.1958974358974359 0.7219329388560158 0.038205128205128176 0.06895463510848135
0 0.1421153846153846 0.5917948717948718 0.0907692307692308 0.05025641025641028
0 0.15102564102564103 0.48355029585798825 0.12961538461538463 0.11700197238658776
0 0.22480769230769226 0.2927810650887574 0.09371794871794865 0.1046942800788954
0 0.3047435897435897 0.21865877712031556 0.11051282051282055 0.12370808678500986
0 0.42442307692307696 0.14390532544378698 0.05948717948717949 0.12347140039447731
0 0.3730769230769231 0.11479289940828402 0.05769230769230774 0.08165680473372783
0 0.29567307692307687 0.09652859960552271 0.060320512820512845 0.101301775147929
0 0.1832692307692308 0.19652859960552269 0.1234615384615384 0.08591715976331356
0 0.12554487179487178 0.3100986193293886 0.08557692307692306 0.06153846153846154
0 0.03812500000000002 0.23337278106508874 0.07708333333333334 0.09838264299802756
0 0.0364423076923077 0.3901775147928994 0.07044871794871797 0.09861932938856022
0 0.05495993589743591 0.12437869822485206 0.10508012820512817 0.12149901380670612
0 0.14358974358974358 0.045848126232741614 0.09282051282051285 0.09189349112426033
0 0.23339743589743592 0.03664694280078895 0.07320512820512817 0.07337278106508877
0 0.4281089743589744 0.026558185404339248 0.06878205128205124 0.054575936883629196
0 0.6670512820512821 0.17424063116370808 0.1475641025641025 0.1981854043392505
0 0.8052884615384615 0.39112426035502956 0.11634615384615386 0.14437869822485205
0 0.6460576923076923 0.31179487179487175 0.04621794871794883 0.05025641025641024
0 0.8298076923076922 0.21715976331360942 0.05961538461538453 0.07337278106508882
0 0.8652243589743588 0.33790927021696254 0.10121794871794876 0.09443786982248525
0 0.9684375 0.31375739644970413 0.06187499999999986 0.07248520710059167
0 0.975168269230769 0.4308284023668639 0.04841346153846161 0.0675739644970414
0 0.9245192307692308 0.17585798816568046 0.09262820512820497 0.10469428007889543
0 0.6959294871794873 0.03502958579881656 0.08814102564102555 0.07045364891518736
0 0.7992307692307692 0.04833333333333332 0.08820512820512817 0.07666666666666663
0 0.8922435897435897 0.9594082840236688 0.07115384615384614 0.08165680473372801
0 0.8199679487179486 0.1424326101249178 0.06339743589743606 0.059408284023668594
0 0.2326602564102564 0.8501380670611439 0.04301282051282051 0.06074950690335299
0 0.5294642857142857 0.4021978021978022 0.03928571428571417 0.03406593406593406
0 0.9636011904761904 0.7459890109890109 0.06446428571428583 0.07212454212454217
0 0.9189285714285714 0.8612271062271062 0.058809523809523936 0.07139194139194142
0 0.03782738095238093 0.9565018315018315 0.04101190476190478 0.05930402930402929
0 0.01657738095238093 0.7965750915750914 0.03351190476190478 0.06326007326007331
0 0.04071428571428573 0.7013003663003663 0.07690476190476189 0.06714285714285718
0 0.03357142857142856 0.6223626373626374 0.06785714285714288 0.06501831501831501
0 0.16205357142857138 0.646959706959707 0.036607142857142845 0.034065934065934014
0 0.1019047619047619 0.551923076923077 0.06952380952380956 0.058205128205128354
0 0.19872459420289856 0.9634687513935342 0.04806319999999996 0.0741604999999999
0 0.990428 0.209654 0.019143200000000037 0.0855229
0 0.333522 0.0237731 0.03634020000000003 0.0475463
0 0.8542387833333334 0.8524103903846153 0.049855766666666454 0.06440998846153853
0 0.9329840000000001 0.04142189999999999 0.07912750000000003 0.0779749
0 0.8622651666666666 0.0441065068376068 0.040753199999999906 0.06163569999999993
0 0.7660612666666666 0.9503020397435898 0.04121079999999978 0.05939592051282034
0 0.984703 0.0931969 0.030593000000000075 0.05612709999999997
