0 0.842833904109589 0.672218124341412 0.08316780821917831 0.0844362486828241
0 0.7507705479452054 0.6012442246899571 0.06866438356164409 0.08939774661587106
0 0.6922879346680716 0.5430047823620004 0.06747892518440465 0.0836427008186756
0 0.40495916754478395 0.7995663451406338 0.03768440463645959 0.08474507578827911
0 0.35453108535300315 0.8404190646024153 0.04949947312961015 0.06837156521034296
0 0.30241701791359327 0.7657250547134636 0.04585089567966279 0.055483504903947524
0 0.3 0.8674556213017751 0.05192307692307697 0.09349112426035495
0 0.34689805057955736 0.9287954932317419 0.05277924130663855 0.08339952986949777
0 0.9523972602739726 0.7391626813649996 0.07979452054794507 0.08542595444597545
0 0.9085023709167543 0.8109467455621302 0.07854320337197067 0.07041420118343161
