0 0.5966346153846154 0.8112426035502958 0.06634615384615379 0.08284023668639057
0 0.6177884615384615 0.6934911242603551 0.060576923076922994 0.07928994082840246
0 0.6721153846153846 0.7757396449704141 0.04423076923076905 0.07337278106508892
0 0.7206730769230769 0.8165680473372781 0.041346153846153866 0.06508875739644963
0 0.7240384615384613 0.8852071005917159 0.040384615384615186 0.0603550295857989
0 0.6533653846153845 0.9248520710059173 0.05673076923076906 0.08994082840236685
0 0.7317307692307692 0.6863905325443787 0.0634615384615384 0.08165680473372784
0 0.7692307692307692 0.6668639053254438 0.04807692307692293 0.061538461538461625
0 0.7495192307692308 0.5857988165680472 0.06634615384615387 0.06035502958579881
0 0.7798076923076923 0.5100591715976331 0.06923076923076892 0.06508875739644973
0 0.8311538461538461 0.5842603550295858 0.0730769230769232 0.06390532544378691
0 0.8345192307692308 0.47029585798816576 0.0590384615384616 0.043155818540434
0 0.8918910256410254 0.38781065088757405 0.08788461538461548 0.06642998027613421
0 0.8715064102564102 0.4959763313609467 0.05698717948717942 0.04291913214990149
0 0.9580128205128204 0.31297830374753455 0.07102564102564117 0.04441814595660757
0 0.9778846153846154 0.3603550295857988 0.038461538461538394 0.04970414201183438
0 0.9660714285714286 0.20109890109890116 0.0517857142857143 0.03846153846153844
0 0.7714285714285714 0.7714285714285715 0.028571428571428754 0.03626373626373641
0 0.9631547619047619 0.4162820512820513 0.05202380952380963 0.027948717948717977
0 0.9341666666666667 0.4466666666666667 0.045 0.026666666666666637
0 0.9475 0.27384615384615385 0.07666666666666658 0.04
0 0.582153 0.8963029999999998 0.03615850000000002 0.055188700000000014
0 0.8230953583333335 0.4277699346153846 0.04952405000000013 0.03400140769230776
