0 0.414563 0.32436 0.033581099999999996 0.03823919999999999
0 0.587896 0.961739 0.028303299999999962 0.026758599999999955
0 0.693698 0.807351 0.0420084000000001 0.051496299999999856
0 0.450875 0.279112 0.03791949999999998 0.037472399999999934
0 0.0485527 0.875025 0.030032799999999988 0.03642899999999996
0 0.35953399999999996 0.6751579999999999 0.018520399999999992 0.022457699999999924
0 0.873599 0.7153240000000001 0.017428399999999983 0.020591900000000146
0 0.288412 0.500525 0.01855929999999991 0.024703499999999937
0 0.325099 0.4972150000000001 0.023898500000000013 0.025018000000000016
0 0.0156401 0.962952 0.0172845 0.020875900000000076
0 0.18168462291870716 0.11697228414013544 0.02490081176646357 0.023657315893510538
0 0.19136290509737283 0.5478340159646029 0.026354192480008167 0.03537724097382085
0 0.2615751940179916 0.6619380748801659 0.019667307820901665 0.02640836298045783
0 0.24898811701261458 0.796720380280427 0.019667307820901665 0.028899717978614233
0 0.5771469301731696 0.05943642575968196 0.021024455030741896 0.02403440167331402
