0 0.168488 0.7028560000000001 0.020354099999999983 0.02572679999999999
0 0.693854 0.308517 0.04237709999999997 0.04717329999999998
0 0.638345 0.707838 0.027586300000000022 0.031781700000000024
0 0.33490600000000004 0.680287 0.02306629999999998 0.026024100000000137
0 0.5879929999999999 0.461127 0.026896500000000153 0.024127000000000027
0 0.686628 0.6759369999999999 0.026207000000000095 0.029547799999999912
0 0.359034 0.175751 0.01851150000000005 0.021041500000000008
0 0.660841 0.675721 0.017476499999999878 0.021453100000000037
0 0.15496 0.623388 0.015832400000000014 0.023462300000000026
0 0.0479037 0.374246 0.030672500000000002 0.03660969999999995
0 0.596839 0.717646 0.0161301000000001 0.01942639999999987
0 0.726571 0.6814830000000001 0.017060099999999967 0.01886230000000015
0 0.8737879999999999 0.21490900000000002 0.018463499999999924 0.022798099999999998
0 0.743722 0.8927539999999999 0.014145300000000041 0.018446799999999913
0 0.249496 0.776889 0.0178478 0.024706999999999917
0 0.359025 0.143496 0.014307799999999975 0.016079899999999984
0 0.261723 0.16309 0.021686800000000013 0.026882100000000027
0 0.32403200000000004 0.920071 0.014641199999999993 0.019793899999999993
0 0.19127699748578816 0.046251055230104074 0.033320880075123446 0.031337136425264124
0 0.0166850129579711 0.46459079031160105 0.016901701437944755 0.021410219811590067
0 0.37436580622101745 0.5937871179424459 0.017174872697058443 0.016464196253219293
0 0.2478869663002866 0.29868578255675027 0.023319807844783318 0.03282261346777476
