0 0.05689779999999999 0.951849 0.023514599999999997 0.02778770000000005
0 0.209039 0.514975 0.02816089999999998 0.024231799999999918
0 0.521806 0.403703 0.016257299999999898 0.0199439
0 0.273898 0.0887016 0.027705800000000006 0.027354700000000013
0 0.483914 0.0427799 0.021196000000000013 0.0254036
0 0.0713424 0.598683 0.024382400000000002 0.024378500000000133
0 0.258866 0.541658 0.017618000000000023 0.018774199999999977
0 0.0578477 0.273568 0.01648620000000001 0.019862599999999953
0 0.6406233144717615 0.8136522807912618 0.030891135715056233 0.03536559912803499
0 0.5075885836301167 0.12035667654684627 0.022504075592759954 0.030940019677852513
