0 0.911967 0.19581900000000002 0.057096599999999914 0.03336460000000002
0 0.172916 0.127542 0.05454649999999999 0.029351599999999995
0 0.852624 0.250915 0.05491140000000003 0.03608850000000003
0 0.915336 0.234341 0.051503199999999916 0.03013100000000002
0 0.675883 0.262908 0.04647850000000013 0.028073899999999947
0 0.146941 0.490712 0.026173999999999968 0.01570970000000001
0 0.7827740000000001 0.403719 0.05815759999999991 0.02487059999999997
0 0.452239 0.216736 0.027435200000000017 0.01988420000000003
0 0.48870299999999994 0.219708 0.025827499999999955 0.01874510000000002
0 0.7151610000000002 0.388766 0.054005299999999964 0.030384599999999977
0 0.7791139999999999 0.22656300000000001 0.05712659999999991 0.0350081
0 0.654305 0.368873 0.059207799999999956 0.0366202
0 0.8341529999999999 0.399509 0.02487510000000016 0.017964899999999923
0 0.22808899999999996 0.752866 0.0479795 0.03240960000000003
0 0.8049519999999999 0.228853 0.03871299999999995 0.028876400000000035
0 0.23011172432359675 0.2361315078876309 0.041055323731323194 0.02321284760054955
0 0.39803472876564816 0.7579468473163106 0.05384304751648944 0.027476431853711753
0 0.6911428186835374 0.8105310531053105 0.06528469511374348 0.04926808470320713
