0 0.50604 0.274631 0.03795260000000009 0.04476239999999999
0 0.628116 0.621061 0.019653200000000013 0.02237120000000009
0 0.555667 0.227482 0.020082499999999965 0.02484269999999999
0 0.5394209999999999 0.251725 0.020267599999999948 0.023375999999999977
0 0.5514130000000002 0.187706 0.024331699999999998 0.025485499999999998
0 0.727569 0.8059540000000001 0.04327250000000011 0.05536279999999997
0 0.428548 0.905093 0.01795690000000003 0.021161699999999936
0 0.4440370254438134 0.3212791184265588 0.01967535661583867 0.031385130422653035
0 0.5663063382361627 0.26544745408758674 0.031602575462224496 0.03646889011731466
0 0.15560755034439247 0.6195943360122463 0.019980019980019977 0.01879339565906736
0 0.9504274845085888 0.9620850664709241 0.02549219546631103 0.03109452736318408
