0 0.8940806885869564 0.34322361644021737 0.11197449239130441 0.10231805244565223
0 0.810226 0.512122 0.08092180000000004 0.08724770000000004
0 0.230122 0.345879 0.15328700000000003 0.17039700000000002
0 0.856963 0.790676 0.166091 0.1525829999999999
0 0.0634518 0.73052 0.0990007 0.11039200000000005
0 0.763636 0.388227 0.14005400000000012 0.14339499999999994
0 0.25187 0.923311 0.08818490000000001 0.07233200000000006
0 0.984641 0.354743 0.030717399999999895 0.07451419999999997
0 0.961386 0.528811 0.07488439999999996 0.15629399999999993
0 0.14383980190217394 0.03574830067934784 0.04783330380434789 0.06339640135869568
0 0.987928 0.855431 0.02414420000000006 0.0745323
