0 0.126359 0.679614 0.11618 0.0814857
0 0.263401 0.480319 0.0695768 0.07331429999999994
0 0.286541 0.106819 0.06473680000000004 0.08160810000000002
0 0.355857 0.529981 0.10446599999999995 0.06175569999999997
0 0.616324 0.187515 0.10236800000000001 0.10206100000000001
0 0.3931211521739131 0.4156078960597826 0.0842570163043479 0.1019109062500001
0 0.393685 0.218808 0.06443860000000001 0.06287880000000001
0 0.042877 0.231202 0.08487719999999999 0.0714592
0 0.868288 0.531139 0.11891699999999994 0.07794089999999998
0 0.344871 0.0758682 0.0687584 0.057318900000000006
0 0.337485 0.442622 0.06386130000000001 0.06966379999999994
0 0.897289 0.631554 0.11242400000000008 0.08056259999999993
