0 0.716501 0.386709 0.05028279999999996 0.062218499999999954
0 0.808669 0.719718 0.03408560000000005 0.04827390000000009
0 0.3709 0.164655 0.05609989999999998 0.056990299999999994
0 0.721733 0.677189 0.040993999999999975 0.03634969999999993
0 0.571778 0.126382 0.03680379999999994 0.03464020000000001
0 0.23997 0.0483621 0.031114299999999984 0.039927599999999994
0 0.500896 0.0171664 0.022583699999999984 0.021303699999999995
0 0.340241 0.116375 0.024318599999999968 0.022137000000000004
0 0.924778 0.671296 0.0319912 0.036131899999999995
0 0.463407 0.435857 0.02063269999999995 0.03178650000000005
0 0.612487 0.0508874 0.04511259999999995 0.043134200000000004
0 0.2675908076298701 0.1356914569805195 0.0342431006493506 0.036779626623376624
