0 0.7066690578804349 0.6700255846467391 0.10891052554347802 0.09621751277173918
0 0.509785 0.164448 0.09399969999999996 0.09496690000000002
0 0.314231 0.185565 0.08680460000000001 0.07452910000000001
0 0.684699 0.822005 0.12473599999999996 0.1030310000000001
0 0.334289 0.956392 0.10031500000000004 0.08635959999999998
0 0.517485 0.446326 0.10365800000000003 0.08037700000000003
0 0.563941 0.565227 0.07810769999999989 0.10653800000000002
0 0.0260233 0.14745 0.0520467 0.04331020000000002
0 0.54119 0.787108 0.11088800000000004 0.12844300000000008
0 0.424944 0.967674 0.07340619999999998 0.06465110000000007
0 0.39204 0.577546 0.07443060000000001 0.07557389999999997
0 0.354106 0.874715 0.05500830000000001 0.04599989999999998
0 0.473989 0.315434 0.05076769999999997 0.04563050000000002
0 0.812937 0.580824 0.11997100000000005 0.07311219999999996
0 0.761792 0.985482 0.054997900000000044 0.02903560000000005
