0 0.17678 0.09713 0.0438095 0.0449522
0 0.0507159 0.116653 0.04723999999999999 0.051043000000000005
0 0.0554001 0.786594 0.0364589 0.037857199999999924
0 0.337103 0.677335 0.06676590000000004 0.08765669999999992
0 0.58882 0.749046 0.03594380000000008 0.04032630000000004
0 0.435735 0.549981 0.04212530000000003 0.05141829999999992
0 0.632816 0.667654 0.06978510000000004 0.060736799999999924
0 0.0574832 0.919468 0.023362799999999996 0.021049000000000095
0 0.246585 0.49243499999999996 0.03743390000000002 0.04338429999999999
0 0.371079 0.102828 0.03013840000000001 0.03590940000000001
