0 0.749675 0.699351 0.06970539999999992 0.07055279999999997
0 0.404026 0.349669 0.09384409999999999 0.09488129999999995
0 0.310093 0.512253 0.08119279999999995 0.0879105
0 0.739059 0.474978 0.06645790000000007 0.08774890000000002
0 0.597501 0.115011 0.1449450000000001 0.14502699999999996
0 0.355863 0.790411 0.16532400000000003 0.1526209999999999
0 0.265578 0.387161 0.142922 0.14539999999999997
0 0.9471921474184783 0.38346711711956527 0.10463914266304342 0.18033139076086951
0 0.5624379320652174 0.4125083620923914 0.17870769565217381 0.17816771874999998
0 0.48568 0.525978 0.10437000000000002 0.141629
0 0.496051 0.85039 0.06334529999999994 0.0525795
