0 0.849354 0.508853 0.11179899999999998 0.11378399999999994
0 0.301248 0.0496471 0.09221939999999995 0.0953273
0 0.91497 0.635061 0.054320499999999994 0.053514800000000085
0 0.950513 0.445076 0.09309389999999995 0.10339500000000001
0 0.13327089402173914 0.4784674707880435 0.14327478804347826 0.133290941576087
0 0.2403821209239131 0.6733749052989131 0.17531592119565212 0.13197811059782616
0 0.636875633152174 0.6057546711956522 0.12932300000000008 0.09095999999999993
0 0.6187568149456523 0.935357909375 0.0695515874999999 0.12830761875000007
0 0.9766995190217392 0.5632329239130435 0.044478599999999924 0.109429
0 0.010438900000000001 0.818633 0.0208777 0.0564365
