0 0.903628 0.849888 0.09332730000000011 0.09445419999999993
0 0.230053 0.845749 0.15320699999999998 0.171392
0 0.56624 0.290567 0.05149939999999997 0.07244410000000001
0 0.423704 0.176835 0.03534879999999996 0.03699459999999999
0 0.459096 0.185715 0.038395599999999974 0.03960259999999999
0 0.85279 0.206105 0.044661199999999956 0.05032409999999998
0 0.500063 0.207149 0.023457300000000014 0.021891700000000014
0 0.0388067 0.528108 0.059720600000000006 0.062398799999999977
0 0.7708714048913045 0.8768427092391304 0.142617 0.143308
0 0.96062 0.967531 0.07871439999999996 0.06476400000000004
0 0.814858 0.983322 0.08530729999999997 0.032991400000000004
0 0.137095 0.529585 0.03553479999999999 0.05304120000000001
