0 0.0712005 0.156015 0.03984270000000001 0.04949560000000003
0 0.176682 0.597253 0.043708599999999986 0.044850000000000056
0 0.0504169 0.6166 0.0477214 0.05122479999999996
0 0.0641252 0.334876 0.0515834 0.06941600000000003
0 0.378714 0.0455497 0.032562199999999986 0.044663800000000003
0 0.17638 0.145291 0.03991070000000002 0.036314599999999975
0 0.191014 0.354109 0.03202109999999997 0.030001999999999973
0 0.370979 0.603015 0.03031729999999999 0.03591440000000001
0 0.0299012 0.0989173 0.030939 0.028027600000000014
0 0.43843410326086957 0.8264054008152174 0.03821331521739124 0.05095108695652173
