0 0.646174 0.697511 0.048225299999999915 0.06910149999999993
0 0.484757 0.690811 0.04887850000000005 0.049301700000000004
0 0.40693 0.377746 0.086669 0.11558899999999994
0 0.633625 0.579133 0.07182369999999993 0.08683160000000001
0 0.507943 0.928327 0.08214040000000006 0.07324109999999995
0 0.498788 0.795413 0.06517339999999999 0.05360410000000004
0 0.5509926627717391 0.5863909118206523 0.07846644076086973 0.08940397798913036
0 0.346831 0.685417 0.05275350000000001 0.04301669999999991
0 0.341345 0.558765 0.03618829999999995 0.03505899999999995
0 0.86288 0.274473 0.023970599999999953 0.025661299999999998
