0 0.498261 0.0791981 0.04075309999999999 0.036692
0 0.706213 0.271293 0.05486980000000008 0.052479199999999976
0 0.222435 0.371697 0.055483599999999994 0.05996769999999996
0 0.208392 0.276589 0.028898900000000005 0.025768899999999983
0 0.272872 0.142816 0.021730999999999945 0.021380999999999983
0 0.123299 0.376194 0.027992099999999992 0.02478619999999998
0 0.021310699999999995 0.44912 0.0368122 0.03424260000000001
0 0.734561 0.44555 0.04795140000000009 0.03293900000000005
0 0.218327 0.650914 0.04694140000000002 0.03956680000000001
0 0.0251833 0.6975 0.049429299999999995 0.04902540000000011
0 0.4832890000000001 0.634893 0.04143860000000005 0.04309209999999997
0 0.413983 0.153244 0.031472399999999956 0.03253889999999998
