0 0.539776 0.157 0.12578399999999995 0.11324000000000001
0 0.407271 0.363872 0.12858999999999998 0.11849600000000005
0 0.031691 0.954645 0.063382 0.08343319999999999
0 0.49158899999999994 0.906865 0.07907619999999999 0.07540480000000005
0 0.8214604809782609 0.7579105577445653 0.14257496195652175 0.1688341154891304
0 0.683111 0.954838 0.14019899999999996 0.08837889999999993
0 0.0262996 0.523891 0.0525993 0.09200460000000005
0 0.156031 0.155358 0.13462599999999997 0.091924
0 0.14344437771739138 0.7744590577445654 0.09320635326086957 0.14422896331521728
0 0.890928 0.886322 0.12540299999999993 0.09590319999999997
0 0.05649941902173916 0.7541475658967391 0.10150523804347833 0.14663863179347825
0 0.00718432 0.443448 0.0143686 0.058082999999999996
