0 0.421853 0.48385900000000004 0.04855980000000004 0.056836900000000024
0 0.4001 0.309385 0.06955639999999996 0.05887229999999999
0 0.722324 0.371651 0.056012299999999904 0.05999999999999994
0 0.708748 0.276511 0.02996320000000008 0.026235499999999967
0 0.77283 0.14276 0.021769600000000056 0.02133370000000001
0 0.35201 0.388653 0.08227799999999996 0.05695399999999995
0 0.485737 0.304233 0.035906200000000055 0.038790800000000014
0 0.451405 0.408055 0.028339400000000015 0.032374000000000014
0 0.990295 0.0772621 0.019409199999999904 0.039467
0 0.62329 0.376035 0.02883100000000005 0.025703699999999996
0 0.1003816004464286 0.87570545625 0.15400800446428575 0.10238373035714288
0 0.522616 0.448589 0.03536080000000008 0.03425429999999996
0 0.438022 0.247329 0.02917000000000003 0.046685299999999985
0 0.277592 0.405965 0.037750199999999956 0.032071700000000036
0 0.718381 0.650939 0.047424300000000086 0.03956779999999993
0 0.5263211785714286 0.7047251785714285 0.04978199999999999 0.0525180999999999
0 0.1109791566964286 0.7910271624999999 0.16071467767857145 0.08479835357142851
0 0.28160790178571427 0.4670937232142856 0.041199699999999895 0.028029099999999918
0 0.9693760178571431 0.6377017232142858 0.0618067000000001 0.04619470000000003
