0 0.538919 0.0846478 0.11396099999999998 0.135156
0 0.887112 0.84964 0.11333900000000008 0.13744800000000001
0 0.0959653 0.614828 0.14501000000000003 0.1473199999999999
0 0.238694 0.965937 0.07357920000000001 0.06792989999999999
0 0.08158780625000006 0.9214385922554347 0.1639728250000001 0.15385345407608686
0 0.203198 0.185856 0.0689938 0.04856860000000002
0 0.4916040461956521 0.8706611542119566 0.20785848369565224 0.20658020516304343
0 0.653223 0.0210828 0.045457700000000045 0.042165499999999995
0 0.86768 0.136757 0.0547785999999999 0.06319619999999998
0 0.370298 0.463967 0.08630680000000002 0.08120729999999998
