0 0.571048 0.156056 0.040310999999999986 0.0498557
0 0.676731 0.597217 0.043673300000000026 0.04478070000000001
0 0.550119 0.616573 0.048494899999999896 0.05162890000000009
0 0.564606 0.335042 0.04972460000000001 0.06830800000000004
0 0.878666 0.0456506 0.03269499999999992 0.04502609999999999
0 0.67638 0.145289 0.04003289999999993 0.03633510000000001
0 0.394353 0.449105 0.04696319999999998 0.04582330000000001
0 0.691024 0.354128 0.032230800000000004 0.03025639999999996
0 0.437091 0.762931 0.02875099999999997 0.03821300000000005
0 0.402942 0.452446 0.0421878 0.041527700000000056
0 0.312962 0.87955 0.029056199999999976 0.03407380000000004
0 0.870806 0.603065 0.029883799999999905 0.03554060000000003
0 0.481999 0.41958 0.023202799999999968 0.024368399999999957
0 0.14938609955357146 0.5195722267857144 0.08390079196428576 0.07385777857142856
0 0.940416837993421 0.8220471833881579 0.02698396381578949 0.03790604440789469
