0 0.685731 0.470485 0.1325860000000001 0.116456
0 0.5070980233695652 0.4051432433423913 0.10893574673913048 0.07401208668478265
0 0.341038 0.674881 0.08084170000000002 0.09336450000000007
0 0.8065262567934783 0.2602092493206522 0.16819748641304344 0.1643216508152174
0 0.0311536 0.453043 0.0623073 0.08077160000000005
0 0.895804 0.906067 0.0740940000000001 0.0863792000000001
0 0.884207 0.806706 0.09194989999999992 0.09044450000000004
0 0.14639406114130438 0.2719268349184783 0.10429068206521741 0.1515012894021739
0 0.890879 0.385766 0.12403900000000001 0.09418040000000005
0 0.773923 0.752052 0.051506700000000016 0.05133169999999998
0 0.646942 0.777454 0.039915900000000004 0.03847749999999994
0 0.05495049755434784 0.2529147645380435 0.09823419510869567 0.14494322907608698
0 0.0257514 0.0362856 0.0515027 0.0718462
0 0.46795567038043484 0.9702766191576087 0.10230197445652173 0.05405443831521739
0 0.4009065067934783 0.9189455925271739 0.14086701358695652 0.08453578505434778
0 0.15091203559782607 0.6882176610054348 0.10586954293478266 0.17235034375000002
