0 0.265181 0.968359474025974 0.07358470000000003 0.05803530000000001
0 0.22926053532608692 0.41945308899456524 0.1614687391304348 0.11120421603260872
0 0.287017 0.6075 0.06534760000000006 0.08008039999999994
0 0.616312 0.687582 0.10223300000000002 0.10264999999999991
0 0.15359 0.348464 0.0743354 0.08687270000000002
0 0.38705100679347826 0.9043345971467391 0.09215138315217386 0.08828223233695653
0 0.21192636338932813 0.02337813358272163 0.09791379999999991 0.0425324
0 0.393578 0.718836 0.0651657 0.06315549999999992
0 0.045452425974025976 0.7313611314935065 0.08506480000000002 0.07281340000000003
0 0.337775 0.581088 0.08616610000000002 0.07645959999999996
0 0.335393 0.942606 0.06766130000000004 0.0760791999999999
