0 0.676808 0.0971512 0.043892299999999995 0.044902
0 0.31072 0.801306 0.05894100000000002 0.052317100000000005
0 0.555336 0.786613 0.0364199999999999 0.03757440000000001
0 0.550273 0.116735 0.04831819999999998 0.051250000000000004
0 0.837264 0.677203 0.0668401999999999 0.08769690000000008
0 0.267478 0.666126 0.06867889999999999 0.07196920000000007
0 0.399838 0.838274 0.03286560000000005 0.03448260000000003
0 0.935909 0.550218 0.04253499999999999 0.05243529999999996
0 0.437097 0.262858 0.028805599999999987 0.03819380000000003
0 0.557426 0.91936 0.023331599999999897 0.021075399999999966
0 0.2976642245370371 0.954509673611111 0.030852199999999996 0.03266560000000007
0 0.23532000000000003 0.717128 0.03070920000000002 0.03903820000000002
0 0.738751328980179 0.493132840089514 0.055011128804347775 0.06141354776214836
0 0.312918 0.379521 0.029143600000000047 0.033974599999999966
0 0.262879 0.573656 0.03417959999999998 0.04662940000000004
0 0.870981 0.10288 0.03018019999999999 0.035967499999999986
0 0.9447605298913044 0.3227326766304348 0.04033627717391308 0.049889605978260865
