0 0.7629772058823531 0.9696621029411765 0.07401180000000007 0.058131400000000055
0 0.7279680747282609 0.425161484375 0.15123097010869568 0.13375481657608684
0 0.86439 0.917128 0.122274 0.1162749999999999
0 0.6462036331521741 0.3525919239130434 0.07459569999999993 0.0869090999999999
0 0.4220114293478261 0.49443347649456526 0.09016532065217397 0.07800634864130435
0 0.262658 0.551495 0.13717599999999996 0.12347700000000006
0 0.7082919239130435 0.023085888043478258 0.09797349999999994 0.0426052
0 0.898358 0.717936 0.07264899999999996 0.062325900000000045
0 0.8175095875 0.5914763148097826 0.1143863956521739 0.09621686766304349
0 0.5180451766304348 0.7494480298913044 0.14860733695652173 0.10508661684782605
