0 0.76343 0.480201 0.0698487000000001 0.07353229999999994
0 0.626463 0.679575 0.11576399999999998 0.0812790000000001
0 0.786607 0.106574 0.06489400000000001 0.08226299999999999
0 0.855858 0.530058 0.10464899999999999 0.06195689999999998
0 0.8952486345108697 0.4154471460597826 0.08840898097826078 0.09798648233695656
0 0.472436 0.54167 0.046468900000000035 0.041473400000000105
0 0.262019 0.054937 0.13541999999999998 0.105986
0 0.897662 0.218146 0.06873550000000006 0.06181389999999998
0 0.526293 0.238144 0.12284500000000004 0.087721
0 0.477394 0.280091 0.05487890000000001 0.03885099999999997
0 0.838966 0.080566 0.08309820000000001 0.0705395
0 0.849407 0.0749652 0.05846960000000001 0.055304700000000005
0 0.8425084048913044 0.4490098858695652 0.06378020000000006 0.06993070000000001
0 0.0312435 0.579064 0.0624869 0.07721800000000001
