0 0.404268 0.849919 0.09536719999999999 0.09547459999999997
0 0.0672164 0.288456 0.05292050000000001 0.0722509
0 0.737579 0.965783 0.07201360000000001 0.06843489999999997
0 0.59583 0.614826 0.14618700000000007 0.1458950000000001
0 0.515025 0.853912 0.08358109999999996 0.0787287000000001
0 0.588968 0.953737 0.12002099999999993 0.09138139999999995
0 0.352513 0.206141 0.04477730000000002 0.0503499
0 0.268012 0.887589 0.146899 0.1452279999999999
0 0.703546 0.185981 0.06808740000000002 0.04886380000000001
0 0.947944 0.925513 0.10015400000000008 0.09587250000000003
0 0.314748 0.983381 0.08587630000000002 0.03285249999999995
0 0.461331 0.970049 0.09396419999999994 0.05990220000000002
0 0.988426 0.0987061 0.023147199999999923 0.07810789999999998
0 0.958507 0.84408 0.0798858 0.09531840000000003
