0 0.571043 0.656007 0.04023299999999996 0.049840499999999954
0 0.878675 0.545339 0.03283600000000009 0.045973199999999936
0 0.564667 0.835064 0.04940319999999998 0.06810950000000005
0 0.676385 0.64527 0.03990549999999993 0.036158899999999994
0 0.394759 0.949225 0.04730179999999995 0.04543380000000008
0 0.691097 0.854159 0.032087600000000105 0.030188700000000068
0 0.1150403630434783 0.38367975013586963 0.19459658369565228 0.12755388288043473
0 0.718693 0.151132 0.047917200000000104 0.039826799999999996
0 0.985857 0.135451 0.02828570000000008 0.04418430000000001
0 0.482016 0.919686 0.02315069999999997 0.024249299999999918
0 0.523292 0.201867 0.04992219999999997 0.05338789999999999
0 0.969017 0.134227 0.061967000000000105 0.0463171
0 0.11106348913043482 0.2907605908967391 0.1664599782608696 0.09685008179347826
0 0.5275847199675325 0.5941685267857144 0.03043831168831168 0.03043831168831168
