0 0.22124 0.870622 0.08257579999999998 0.09684470000000012
0 0.0545165 0.812099 0.033525299999999994 0.039005500000000026
0 0.149633 0.914396 0.06337130000000002 0.05271990000000004
0 0.299532 0.939523 0.06644510000000003 0.05730590000000002
0 0.0709098 0.870595 0.0402401 0.041171599999999975
0 0.140415 0.669747 0.03357919999999999 0.0377867999999999
0 0.49704 0.46722 0.07525360000000003 0.06650959999999995
0 0.1756248351902174 0.9731646982336957 0.05597689211956519 0.052694041032608774
0 0.616328 0.731243 0.04513300000000009 0.04928390000000005
0 0.119605 0.976251 0.0476328 0.04734520000000009
0 0.993497 0.119481 0.013005600000000062 0.040877600000000014
0 0.156999 0.289377 0.020285500000000012 0.03337049999999997
0 0.543658088235294 0.5143612132352942 0.05687040441176472 0.0580193014705882
