0 0.579372 0.33827 0.0640388999999999 0.07456549999999995
0 0.643784 0.341331 0.057026299999999974 0.06836589999999998
0 0.605012 0.0386177 0.03459820000000002 0.0421299
0 0.353285 0.703028 0.05689080000000002 0.07111219999999996
0 0.10403 0.753654 0.0946237 0.07640650000000004
0 0.734613 0.12228 0.04269619999999996 0.046691399999999994
0 0.400631 0.317573 0.05825389999999997 0.05737579999999998
0 0.635698 0.473173 0.03212499999999996 0.04707320000000004
0 0.644261 0.539253 0.025938000000000017 0.02663839999999995
0 0.645937 0.472924 0.050959999999999894 0.050096200000000035
