0 0.221117 0.370881 0.08253690000000002 0.09771050000000003
0 0.054517899999999994 0.312163 0.033554099999999996 0.039029300000000045
0 0.149012 0.41464 0.0626642 0.053037699999999965
0 0.2994 0.439115 0.06613780000000002 0.05734689999999998
0 0.0708942 0.370526 0.04035169999999999 0.04118730000000004
0 0.140488 0.169759 0.03378199999999999 0.03778579999999998
0 0.163938 0.478029 0.05405209999999999 0.0605831
0 0.117701 0.48003000000000007 0.0433501 0.05437030000000004
0 0.283369 0.551643 0.02891710000000003 0.03246149999999992
0 0.616374 0.231107 0.04494609999999999 0.04843870000000003
0 0.544602 0.0133835 0.0482606000000001 0.0264396
