0 0.232404 0.22538800000000003 0.07638049999999999 0.07768800000000001
0 0.0566831 0.468401 0.0511944 0.051484500000000044
0 0.432659 0.290226 0.04248750000000001 0.0415411
0 0.162098 0.320527 0.05174719999999999 0.06418360000000001
0 0.867706 0.636899 0.040579799999999944 0.04216690000000001
0 0.237972 0.430033 0.047814599999999985 0.04378800000000005
0 0.49668 0.828451 0.04393470000000005 0.04832269999999994
0 0.962227 0.817444 0.04248199999999991 0.04565730000000001
0 0.964495 0.935242 0.04037779999999991 0.05706290000000003
0 0.767036 0.36232 0.04032459999999993 0.039948800000000007
0 0.606753 0.510261 0.049849299999999985 0.0494675
0 0.211654 0.928671 0.044474400000000025 0.049402600000000074
0 0.916669 0.287216 0.0342245000000001 0.034531700000000054
0 0.12268 0.423267 0.038560100000000014 0.03344130000000001
0 0.644034 0.359741 0.0312827 0.031591499999999995
0 0.468303 0.525388 0.031045300000000053 0.027431699999999948
0 0.7106259619565215 0.4642679999999999 0.03910949999999991 0.05583379999999999
