0 0.367721 0.636952 0.04091420000000001 0.04269119999999993
0 0.461745 0.816233 0.04272370000000003 0.04865070000000005
0 0.962321 0.267722 0.04848750000000002 0.05007399999999998
0 0.561906 0.810981 0.06249679999999991 0.05745200000000006
0 0.267095 0.362083 0.04081610000000002 0.04053910000000005
0 0.462964 0.933908 0.0365472 0.0574053000000001
0 0.416536 0.287213 0.03438819999999998 0.03476109999999999
0 0.107241 0.510122 0.049350000000000005 0.049809400000000004
0 0.144118 0.35954 0.03141369999999999 0.03207349999999998
0 0.010683499999999999 0.827418 0.0209468 0.061410900000000046
0 0.208278 0.474222 0.0391493 0.03936709999999999
0 0.6825747282608696 0.6475458559782609 0.03609035326086962 0.03290591032608692
