0 0.554359 0.312396 0.03304039999999997 0.037627999999999995
0 0.72117 0.370957 0.08238919999999994 0.09780809999999995
0 0.648972 0.414652 0.0625001999999999 0.0530621
0 0.7994 0.439015 0.06627329999999998 0.0574597
0 0.462725 0.267374 0.04963430000000002 0.052353399999999994
0 0.570617 0.370632 0.04081789999999996 0.04109640000000003
0 0.640406 0.16975 0.03408769999999994 0.037889000000000006
0 0.18268369456521744 0.6496858485054348 0.03808030108695648 0.034994811141304316
0 0.663941 0.478147 0.053902399999999906 0.06070620000000004
0 0.617717 0.480078 0.04322530000000002 0.054370899999999944
0 0.783416 0.551682 0.02886410000000006 0.03242020000000001
0 0.0566859 0.807735 0.07621819999999999 0.06372219999999995
