0 0.554422 0.812376 0.032934199999999914 0.03753340000000005
0 0.721253 0.870787 0.08242740000000004 0.09732099999999999
0 0.649489 0.914272 0.06357879999999994 0.05304109999999995
0 0.799498 0.939417 0.06641389999999991 0.05747659999999999
0 0.463199 0.766783 0.04945449999999996 0.05155060000000011
0 0.570702 0.870517 0.040641600000000055 0.041063700000000036
0 0.640364 0.669727 0.03376280000000009 0.037714100000000084
0 0.981545 0.446751 0.03690959999999999 0.09891819999999996
0 0.667912545923913 0.9731463186141304 0.05675303315217406 0.052730800271739264
0 0.619263 0.975988 0.04747469999999998 0.04783209999999993
0 0.0397205 0.333869 0.079441 0.08129640000000005
